-,-,-
--start---
23, -35, 999
20, -31, 999
20, -30, 1003
20, -29, 1002
20, -30, 1000
20, -30, 1000
22, -24, 1007
21, -26, 1006
20, -27, 1004
20, -28, 1003
21, -28, 1000
21, -28, 1000
21, -28, 1000
21, -28, 1001
27, -35, 1001
15, -16, 1005
19, -24, 1005
18, -26, 1004
18, -26, 1004
20, -27, 1003
14, -19, 1006
-75, -20, 988
-86, 6, 1014
-9, -24, 998
-9, -24, 998
-34, -17, 1009
-57, -18, 1000
-73, -38, 995
-1, -12, 1024
-12, -42, 1003
-12, -42, 1003
-59, -21, 998
-38, 25, 1007
-112, 45, 1007
-94, 11, 1000
-98, 14, 999
-104, 36, 1009
-104, 36, 1009
-43, 20, 991
-37, -3, 1002
-45, 38, 1007
25, 7, 1015
41, -23, 986
41, -23, 986
39, -1, 1016
40, 7, 993
101, -3, 997
101, -3, 997
98, -75, 994
147, -88, 1028
126, -95, 1006
152, -74, 990
101, -54, 996
101, -54, 996
156, -79, 1011
107, -67, 996
151, -83, 1010
152, -99, 992
169, -87, 1006
99, -47, 998
99, -47, 998
34, -37, 994
261, -104, 1017
246, -84, 1004
238, -62, 992
236, -56, 995
226, -65, 1026
226, -65, 1026
219, -69, 965
255, -97, 1016
211, -73, 1013
199, -48, 975
103, -26, 982
45, -30, 1009
45, -30, 1009
8, -37, 1001
-7, -24, 961
-87, -4, 958
-135, 30, 1002
-166, 24, 1014
-166, 24, 1014
-177, -22, 1014
-227, -8, 982
-211, -1, 1031
-187, -11, 985
-185, 12, 1008
-185, 45, 1007
-147, 50, 1001
-23, -11, 1004
9, -27, 1011
9, -27, 1011
-95, -6, 992
6, -15, 1006
-1, -25, 999
-1, -25, 999
-15, -26, 997
62, -34, 1000
35, -22, 1015
-21, -27, 988
-,-,-
40, -21, 1001
40, -8, 999
25, -25, 1003
19, -34, 1002
15, -36, 999
15, -36, 999
-26, -75, 1005
49, -2, 999
8, -29, 1006
8, -29, 1006
-9, -44, 1002
9, -34, 1005
28, -24, 1003
21, -37, 1006
51, -6, 999
51, -6, 999
23, -23, 1002
6, -21, 1001
-42, 0, 1005
-42, 0, 1005
-27, 20, 999
-50, 72, 1002
-51, 66, 1015
-35, 130, 1008
-105, 238, 1008
-75, 243, 1012
-75, 243, 1012
-114, 380, 994
-6, 215, 1021
56, 244, 972
37, 162, 1022
37, 183, 1003
68, 54, 1006
68, 54, 1006
81, -69, 983
78, -49, 1015
75, -52, 987
102, -155, 1013
102, -155, 1013
117, -209, 997
118, -254, 1014
99, -288, 989
105, -292, 998
72, -234, 1006
65, -191, 1008
65, -146, 989
81, -155, 1006
54, -149, 1011
54, -149, 1011
73, -131, 1010
72, -151, 995
47, -108, 1003
58, -82, 993
35, -58, 1000
18, -28, 1000
18, -28, 1000
-,-,-
19, -32, 998
19, -32, 998
20, -34, 993
14, -31, 1002
21, -21, 1010
21, -15, 1005
-17, 229, 999
-17, 229, 999
-110, 342, 989
-56, 340, 1026
-28, 289, 1003
2, 294, 1009
62, 265, 996
62, 265, 996
50, 278, 1004
48, 219, 1021
84, -31, 996
45, -55, 988
54, -174, 1000
54, -174, 1000
23, -118, 1003
50, -194, 1016
80, -293, 1013
35, -246, 989
42, -165, 988
25, -150, 999
43, -154, 1002
43, -154, 1002
48, -174, 1002
81, -229, 1007
90, -190, 1001
62, -189, 992
73, -176, 1014
97, -193, 995
54, -121, 997
54, -121, 997
39, -57, 1002
23, -31, 1003
21, -26, 1004
20, -28, 1001
20, -29, 999
20, -29, 999
23, -39, 996
-,-,-
21, -30, 994
21, -30, 994
17, -30, 1004
-40, 59, 1006
-24, 100, 1018
-40, 292, 985
-60, 352, 1000
-18, 298, 1008
-18, 298, 1008
-13, 161, 1007
-34, 41, 1018
-33, 0, 984
27, 118, 1005
0, 279, 1000
0, 279, 1000
30, 240, 1015
52, 192, 1004
80, 12, 977
61, -77, 961
61, -77, 961
86, -73, 1039
69, -128, 996
127, -256, 985
121, -250, 985
72, -283, 997
64, -257, 1000
64, -257, 1000
57, -198, 996
58, -171, 998
73, -214, 993
88, -278, 1005
88, -193, 1006
68, -178, 985
68, -178, 985
62, -171, 1011
58, -135, 996
35, -89, 1002
27, -36, 998
27, -31, 999
27, -31, 999
-,-,-
23, 21, 1088
23, 21, 1088
-7, 80, 798
-26, 20, 979
1, 101, 1047
-31, 143, 1106
-31, 143, 1106
-50, 364, 904
-32, 257, 988
-7, 294, 1009
14, 165, 1000
-18, 150, 1008
-42, 121, 992
-42, 121, 992
36, 43, 1013
22, 98, 1010
54, 133, 992
38, 144, 1002
38, 144, 1002
47, -19, 997
86, -37, 1000
104, -125, 981
73, -181, 1009
114, -265, 987
102, -290, 999
104, -310, 1011
104, -310, 1011
78, -262, 989
51, -199, 998
66, -161, 1014
84, -139, 983
29, -138, 1024
71, -112, 984
64, -149, 1006
64, -149, 1006
76, -209, 988
117, -309, 988
-,-,-
8, 41, 992
2, 6, 1010
0, 80, 1001
0, 80, 1001
-19, 221, 999
-48, 277, 1003
-9, 236, 991
-5, 213, 1032
-5, 213, 1032
-10, 123, 998
4, 127, 990
17, 176, 976
29, 156, 1048
29, 156, 1048
64, 155, 997
19, 228, 977
34, 164, 1017
49, -39, 992
73, -72, 984
73, -72, 984
91, -104, 1024
72, -57, 977
78, -128, 1010
68, -186, 991
44, -233, 999
44, -233, 999
57, -251, 1007
36, -293, 968
69, -281, 1003
89, -311, 987
86, -305, 1005
105, -326, 1010
113, -297, 987
113, -297, 987
134, -159, 994
49, -79, 1004
-,-,-
-16, 26, 989
-16, 26, 989
-36, 39, 1026
31, 221, 998
-39, 343, 1019
-32, 427, 987
2, 342, 989
2, 342, 989
12, 244, 1016
8, 185, 993
43, 128, 1010
43, 128, 1010
22, 121, 990
14, 41, 983
49, 29, 996
52, -55, 1006
52, -55, 1006
36, -15, 1013
70, -167, 988
99, -242, 1004
102, -262, 993
70, -218, 1003
68, -168, 996
68, -168, 996
54, -198, 983
20, -180, 1027
50, -112, 1010
38, -59, 981
61, -92, 1016
54, -63, 976
54, -63, 976
76, -162, 1024
89, -260, 989
137, -433, 983
101, -352, 996
-,-,-
37, -16, 1008
66, 2, 994
-6, 101, 1002
-6, 101, 1002
-42, 266, 998
-49, 346, 1016
7, 384, 993
-25, 347, 1009
33, 264, 1007
33, 264, 1007
24, 258, 985
41, 246, 1008
33, 212, 995
66, 140, 1003
63, 49, 1002
63, 49, 1002
52, -17, 1000
86, -213, 995
87, -288, 988
96, -323, 943
96, -323, 943
56, -290, 1047
61, -244, 986
59, -281, 974
53, -293, 1020
72, -291, 961
42, -317, 1000
70, -343, 989
70, -343, 989
75, -329, 1012
101, -195, 991
-,-,-
-17, 250, 1001
-50, 249, 989
0, 279, 1009
-33, 245, 991
-28, 262, 1006
1, 287, 1003
1, 287, 1003
15, 284, 986
55, 111, 1017
106, -8, 969
46, -10, 1000
36, -38, 1011
36, -38, 1011
36, -102, 997
3, -21, 978
34, -105, 1029
44, -80, 976
44, -80, 976
59, -11, 1003
62, -127, 1003
92, -167, 999
74, -206, 1014
47, -157, 978
60, -123, 991
60, -123, 991
68, -132, 1028
70, -188, 975
72, -342, 1029
98, -434, 985
119, -488, 982
-,-,-
6, 135, 1021
-26, 175, 1013
-40, 191, 983
-36, 179, 987
-90, 247, 999
-90, 247, 999
-44, 239, 1011
43, 192, 1006
-7, 437, 976
30, 469, 1000
97, 310, 1007
99, 240, 1025
99, 240, 1025
104, 207, 994
114, -12, 975
123, -150, 984
125, -328, 1021
132, -391, 992
81, -373, 1008
39, -299, 979
39, -299, 979
31, -246, 1010
55, -277, 991
79, -300, 1015
45, -315, 976
70, -297, 997
71, -282, 1007
71, -282, 1007
72, -266, 992
99, -205, 986
-,-,-
2, 209, 993
2, 209, 993
-5, 194, 1017
16, 242, 1002
17, 307, 1002
15, 365, 992
15, 365, 992
77, 189, 991
83, 69, 1009
72, 50, 974
72, 50, 974
68, -16, 1018
48, 24, 984
52, 2, 1033
52, 2, 1033
73, -109, 994
59, -187, 988
85, -318, 981
70, -384, 991
46, -241, 1019
46, -241, 1019
50, -167, 985
41, -99, 1001
33, -106, 1003
65, -189, 993
52, -253, 992
77, -359, 987
77, -359, 987
52, -427, 1011
-,-,-
35, 169, 1007
67, 210, 981
4, 273, 1006
4, 273, 1006
36, 266, 1019
51, 174, 977
83, 36, 991
83, 36, 991
69, -14, 1007
60, 0, 988
64, -49, 990
64, -49, 988
1, -54, 988
35, -149, 1028
12, -141, 1012
31, -124, 969
30, -146, 1011
40, -161, 1003
40, -161, 1003
39, -126, 996
41, -94, 990
18, -60, 1020
24, -41, 998
60, -25, 991
60, -25, 991
67, -27, 1001
65, -203, 1004
-,-,-
76, 144, 990
76, 144, 990
31, 151, 1018
11, 227, 1008
26, 272, 993
21, 295, 988
21, 295, 988
24, 302, 1001
41, 255, 1013
27, 260, 997
56, 248, 1006
56, 248, 1006
57, 84, 1009
36, 25, 1005
35, -49, 981
18, -67, 985
18, -67, 985
19, -48, 988
30, -154, 1021
42, -84, 970
33, -114, 1003
38, -121, 1004
38, -121, 1004
42, -128, 998
61, -193, 996
57, -267, 1015
84, -405, 996
97, -458, 990
110, -541, 989
110, -541, 989
-,-,-
-83, 380, 993
52, 524, 774
81, 446, 997
52, 297, 978
52, 297, 978
70, 144, 1002
88, 0, 974
82, -46, 1009
89, -111, 973
89, -111, 973
55, -221, 961
36, -205, 1032
53, -216, 983
11, -79, 996
35, -150, 996
35, -150, 996
61, -144, 999
63, -218, 1001
55, -227, 1015
59, -302, 994
59, -264, 1000
76, -346, 994
-,-,-
28, 303, 1014
29, 254, 966
67, 154, 1012
27, 221, 992
54, 244, 1000
15, 277, 990
15, 277, 990
37, 174, 1003
73, -1, 1010
43, -35, 982
33, 49, 1024
33, 49, 1024
24, 47, 967
14, 56, 1020
37, -15, 967
37, -15, 967
61, -104, 993
25, -146, 1014
49, -225, 1002
73, -302, 995
75, -328, 973
50, -325, 1025
50, -325, 1025
72, -414, 987
80, -475, 994
77, -433, 996
53, -132, 988
-,-,-
40, 175, 1000
41, 144, 997
-8, 187, 982
-8, 187, 982
-35, 199, 1007
24, 107, 1005
23, 138, 996
8, 91, 987
8, 91, 987
37, 102, 1018
47, 105, 999
56, 146, 1005
56, 146, 1005
49, 122, 1011
43, 119, 1013
62, 134, 984
49, 109, 987
60, 22, 1013
60, 22, 1013
67, -138, 1003
88, -171, 1008
61, -259, 1013
31, -235, 968
25, -250, 1019
39, -193, 998
39, -193, 998
33, -302, 1013
87, -371, 976
70, -421, 1014
82, -432, 978
-,-,-
7, 257, 1021
45, 312, 964
19, 168, 1024
6, 164, 979
6, 164, 979
12, 217, 991
27, 229, 1013
18, 204, 1013
11, 154, 996
11, 154, 996
59, 187, 994
67, 179, 1016
43, 161, 970
21, 176, 1005
21, 176, 1005
40, 117, 1017
33, 7, 997
53, -141, 999
59, -193, 979
59, -193, 979
61, -259, 1029
78, -184, 953
70, -230, 1032
91, -361, 960
104, -354, 1015
76, -414, 1001
73, -449, 989
73, -449, 989
91, -455, 1003
-,-,-
15, 305, 981
8, 261, 995
8, 261, 995
21, 181, 1008
62, 152, 1006
51, 154, 994
55, 139, 997
55, 139, 997
36, 126, 1007
73, 71, 1007
63, -2, 1007
56, -16, 981
56, -16, 981
23, 19, 1012
24, 9, 988
40, -59, 1013
40, -59, 1013
17, -153, 1039
37, -128, 965
43, -85, 987
20, -127, 988
34, -90, 1025
34, -90, 1025
44, -130, 994
45, -166, 1011
72, -292, 1014
79, -443, 976
73, -510, 963
-,-,-
12, 239, 980
15, 234, 988
22, 179, 964
44, 145, 1004
78, 12, 966
78, 12, 966
43, 46, 1010
43, 23, 1005
71, -19, 1001
71, -19, 1001
49, -35, 974
47, -161, 1011
72, -149, 962
34, -95, 987
28, -159, 1033
3, -140, 1001
3, -140, 1001
23, -141, 984
56, -222, 1023
74, -343, 978
74, -479, 998
97, -509, 992
-,-,-
8, 208, 1000
-23, 109, 998
-23, 109, 998
52, 24, 1000
31, 115, 1001
55, 147, 988
54, 117, 1015
77, 41, 1016
77, 41, 1016
76, 57, 1007
46, 71, 982
44, -12, 1005
44, -12, 1005
40, -43, 1038
49, -88, 997
44, -134, 988
42, -160, 984
39, -213, 1012
39, -213, 1012
26, -189, 998
58, -218, 988
41, -265, 1005
55, -313, 1000
73, -469, 1000
69, -367, 984
-,-,-
-33, 208, 1014
30, 137, 979
50, 94, 1001
31, 172, 975
55, 170, 1017
55, 170, 1017
56, 125, 1039
42, 93, 976
64, -13, 983
38, 9, 1009
38, 9, 1009
3, 25, 1013
33, -25, 998
25, -84, 996
25, -84, 996
47, -159, 1003
35, -153, 987
56, -246, 998
59, -274, 1003
67, -331, 999
67, -331, 999
-,-,-
-13, 226, 1009
-6, 204, 985
7, 210, 1015
7, 210, 1015
35, 198, 989
22, 189, 993
51, 58, 1041
74, 45, 989
74, 45, 989
39, 85, 998
67, 18, 987
67, 18, 987
15, -5, 992
22, -4, 999
75, -148, 1010
31, -152, 1008
31, -152, 1008
14, -101, 1006
13, -114, 978
34, -130, 1021
20, -161, 1020
33, -215, 955
42, -237, 1032
47, -313, 1016
47, -313, 958
91, -409, 958
-,-,-
52, 146, 962
55, 156, 1025
43, 180, 1009
43, 180, 1009
11, 250, 992
-2, 184, 1022
45, 80, 955
46, -17, 1023
46, -17, 1023
40, -20, 982
18, -25, 1026
2, -87, 986
44, -187, 1008
43, -225, 989
43, -225, 989
48, -175, 996
8, -103, 998
41, -109, 1000
48, -187, 990
52, -209, 1011
69, -208, 989
69, -208, 989
53, -187, 998
54, -207, 995
56, -296, 1012
80, -394, 985
-,-,-
24, 175, 1062
-6, 245, 929
-24, 154, 1021
26, 150, 986
10, 244, 999
10, 244, 999
16, 264, 1017
64, 237, 994
59, 185, 994
69, 96, 993
69, 96, 993
62, 118, 1010
49, 72, 972
59, -26, 990
59, -26, 990
21, -81, 1009
12, -58, 1031
24, -100, 984
3, -85, 990
0, -11, 981
0, -11, 981
29, -82, 1001
69, -200, 973
44, -212, 986
69, -256, 1013
69, -256, 1013
70, -359, 987
34, -368, 1009
73, -372, 1000
117, -427, 994
-,-,-
9, 188, 1006
9, 188, 1006
18, 124, 982
30, 193, 1010
19, 253, 1024
50, 119, 979
50, 119, 979
65, 80, 1013
32, 106, 997
52, 134, 983
74, 53, 1017
74, 53, 1017
56, 30, 1008
60, -52, 1000
33, -101, 1000
35, -73, 1003
35, -73, 1003
11, -88, 1001
58, -164, 993
34, -242, 982
39, -279, 1026
73, -301, 971
50, -350, 1015
50, -350, 1015
82, -392, 993
57, -383, 988
69, -296, 990
42, -61, 986
158, -218, 1001
-,-,-
77, 115, 1003
35, 222, 1003
-8, 367, 972
-8, 367, 972
1, 289, 951
80, 62, 1017
91, -113, 1002
35, -134, 999
35, -134, 999
26, -69, 991
-7, -71, 996
38, -69, 1005
21, -111, 975
-,-,-
1, 72, 1006
41, 92, 990
41, 92, 990
-1, 251, 1021
9, 245, 976
41, 159, 1017
41, 159, 1017
0, 179, 1013
26, 136, 994
46, 160, 995
51, 77, 992
51, 77, 992
51, 8, 999
27, -54, 1022
44, -75, 973
44, -75, 973
35, -66, 975
31, -178, 1022
70, -300, 990
67, -327, 984
45, -361, 1017
60, -361, 985
60, -421, 985
51, -490, 1003
120, -427, 997
72, -105, 994
-,-,-
73, 118, 1027
52, 153, 973
28, 86, 1010
23, 132, 986
23, 132, 986
-24, 182, 1015
11, 156, 996
3, 141, 990
30, 138, 1018
30, 138, 1018
2, 161, 996
28, 164, 1015
48, 218, 1001
74, 157, 997
74, 157, 997
56, 43, 1022
31, 1, 992
47, -124, 993
7, -92, 974
7, -92, 974
25, -47, 984
40, -125, 972
50, -151, 1020
28, -149, 1003
28, -149, 1003
54, -162, 997
49, -212, 992
22, -258, 994
40, -316, 1006
56, -365, 990
62, -365, 999
62, -365, 999
92, -261, 986
57, -60, 994
-,-,-
42, 275, 966
42, 275, 966
28, 247, 1030
49, 238, 986
50, 252, 994
64, 294, 1022
64, 294, 1022
63, 229, 990
96, 85, 1000
80, -71, 988
47, -111, 996
22, -109, 997
22, -109, 997
-24, -13, 1020
-25, -21, 972
29, -90, 1029
46, -132, 983
55, -257, 953
55, -257, 953
43, -337, 1006
7, -468, 1036
62, -503, 982
74, -491, 986
120, -365, 998
-,-,-
-4, 262, 993
-4, 262, 993
13, 221, 1007
34, 190, 1009
57, 168, 1003
75, 186, 983
75, 186, 983
44, 200, 1016
66, 119, 1001
67, 43, 995
52, -71, 993
52, -71, 993
34, -30, 989
-25, 28, 1035
-17, -55, 985
10, -81, 994
10, -81, 994
24, -84, 1004
43, -73, 1009
39, -72, 969
47, -44, 1005
14, -122, 1004
14, -122, 1004
54, -245, 993
11, -368, 1011
62, -393, 988
38, -465, 1008
83, -406, 984
160, -226, 990
43, -134, 1009
43, -134, 1009
155, -239, 1001
-,-,-
10, 131, 1007
66, 81, 1014
15, 151, 999
24, 189, 994
24, 189, 994
26, 143, 1004
44, 62, 1005
68, -42, 1018
47, -101, 964
19, -93, 1000
19, -93, 1000
-14, -74, 1020
-6, -35, 969
10, -93, 1042
29, -62, 1020
8, 8, 963
8, 8, 963
12, 59, 1028
6, 34, 986
6, 34, 986
62, -54, 992
70, -116, 1033
73, -142, 965
65, -224, 1005
65, -224, 1005
64, -344, 991
36, -436, 1012
71, -452, 988
-,-,-
24, 159, 1023
54, 140, 959
59, 178, 1022
63, 231, 988
21, 227, 1020
21, 227, 1020
30, 192, 980
44, 52, 1027
23, -20, 1003
-2, 7, 945
-2, 7, 945
-3, 3, 1015
19, -18, 1001
26, 30, 985
26, 30, 985
56, 19, 1003
68, 18, 1003
34, -34, 994
34, -34, 994
22, -163, 982
41, -357, 1026
38, -657, 982
34, -730, 995
106, -508, 988
175, -195, 993
175, -195, 993
109, -66, 1002
-,-,-
-3, 168, 1022
46, 95, 975
46, 74, 1016
50, 102, 981
50, 102, 981
26, 196, 1006
21, 207, 986
34, 196, 1020
32, 140, 1014
32, 140, 1014
82, 23, 982
45, 8, 1000
34, -9, 1005
34, -9, 1005
34, -31, 994
30, -32, 1007
27, -57, 981
48, -87, 1005
48, -95, 982
48, -95, 982
45, -111, 1005
22, -149, 1010
41, -181, 986
10, -230, 1014
10, -405, 1004
43, -556, 976
43, -556, 976
56, -458, 1000
101, -197, 998
-,-,-
30, 86, 986
62, 57, 988
17, 153, 1000
41, 185, 1007
12, 204, 1004
12, 204, 1004
18, 130, 1012
37, 43, 1006
23, 4, 980
4, 24, 990
4, 24, 990
-1, -36, 1030
18, -45, 971
26, -49, 1026
26, -49, 1026
49, -52, 985
57, -68, 1012
56, -40, 997
50, -103, 988
50, -103, 988
48, -139, 996
52, -249, 1017
-1, -352, 1005
0, -529, 975
28, -401, 1005
-,-,-
1, 196, 995
-5, 211, 991
13, 172, 1003
38, 130, 1008
38, 130, 1008
58, 207, 995
31, 266, 1010
48, 313, 986
16, 287, 1008
54, 165, 1016
54, 165, 1016
70, 52, 1001
28, 7, 986
16, -65, 988
16, -65, 988
5, -124, 1021
30, -116, 993
43, -54, 1010
59, -73, 975
78, -144, 1023
78, -144, 1023
59, -203, 987
67, -342, 1010
37, -352, 987
35, -484, 999
55, -495, 1001
57, -302, 994
-,-,-
70, 313, 983
33, 179, 995
15, 165, 1018
20, 234, 991
51, 294, 997
51, 294, 997
63, 335, 983
86, 327, 1019
81, 276, 1021
55, 113, 1002
55, 113, 1002
34, 15, 992
-23, -43, 1000
-18, -69, 981
2, -90, 1014
2, -90, 994
43, -125, 994
93, -173, 1032
91, -221, 988
84, -246, 1001
66, -331, 988
7, -441, 997
7, -441, 997
0, -591, 1002
69, -494, 988
83, -214, 985
119, -78, 1010
59, -118, 1003
-,-,-
38, 24, 980
16, 67, 1003
16, 67, 1003
5, 66, 1011
0, 307, 1001
-9, 329, 991
50, 194, 996
50, 194, 996
26, 197, 1018
71, 149, 987
20, 139, 1032
48, 99, 981
48, 99, 981
46, -32, 987
49, -94, 1022
59, -148, 976
59, -148, 976
40, -145, 1011
3, -54, 992
-10, -107, 1016
29, -83, 1011
25, -25, 988
24, -17, 1004
24, -17, 1004
30, 13, 984
41, -45, 1025
51, -77, 980
43, -173, 1012
43, -173, 1012
46, -254, 1013
37, -345, 1000
-,-,-
-3, 239, 1006
-25, 207, 990
-25, 207, 990
41, 59, 995
12, 207, 1006
-4, 286, 984
43, 207, 1015
43, 207, 1015
55, 199, 1007
61, 225, 1004
32, 237, 1032
58, 189, 953
39, 88, 1014
39, 88, 1014
43, 15, 976
38, -90, 1042
30, -158, 985
19, -156, 991
19, -156, 991
6, -137, 1005
19, -151, 987
57, -216, 1017
72, -248, 1008
81, -327, 979
78, -336, 995
78, -336, 995
90, -407, 1008
-,-,-
-79, 459, 984
-79, 459, 984
-11, 249, 974
40, 270, 1002
28, 247, 1017
47, 164, 1026
41, 146, 978
41, 146, 978
38, 147, 971
85, -58, 1025
50, -43, 1008
23, -46, 972
23, -46, 972
23, -75, 1021
2, -85, 1008
19, -90, 986
30, -100, 989
30, -100, 989
48, -107, 1008
44, -87, 1004
61, -88, 983
36, -209, 1001
54, -261, 1002
26, -432, 995
26, -432, 995
33, -596, 1002
50, -458, 990
-,-,-
39, 286, 992
-13, 286, 965
17, 209, 995
15, 205, 998
43, 159, 1026
45, 113, 1000
45, 113, 1000
57, 82, 975
20, 119, 1016
22, 124, 994
15, 82, 1021
15, 82, 1021
22, 39, 973
8, 53, 1000
18, 14, 1004
18, 14, 1004
64, -103, 994
71, -96, 1037
42, -47, 969
55, -131, 1021
67, -216, 1005
67, -216, 1005
41, -252, 970
74, -330, 1006
49, -446, 987
68, -526, 1004
-,-,-
16, 175, 992
16, 175, 992
10, 201, 1008
25, 185, 981
17, 243, 1017
9, 243, 998
9, 243, 998
30, 270, 1006
29, 238, 984
52, 153, 1028
52, 153, 1028
40, 100, 996
33, 118, 982
41, 107, 1034
44, 56, 979
44, 56, 979
15, 59, 1004
45, -66, 1007
30, -174, 981
57, -131, 1041
37, -155, 972
37, -155, 972
56, -215, 982
39, -317, 1000
58, -359, 985
74, -454, 1007
91, -530, 1011
154, -435, 968
-,-,-
24, 299, 959
24, 299, 959
-13, 320, 1105
-3, 333, 906
41, 218, 969
71, 110, 981
71, 110, 981
63, 108, 1004
55, 151, 997
23, 228, 1004
33, 230, 1021
31, 193, 956
31, 193, 956
49, 59, 991
48, -35, 1011
28, -7, 960
28, -7, 960
8, -101, 1014
28, -175, 987
15, -200, 1019
56, -203, 990
45, -256, 1003
71, -256, 997
71, -337, 997
104, -435, 992
102, -522, 997
109, -519, 986
108, -214, 983
-,-,-
7, 327, 1004
-4, 285, 1009
-2, 303, 983
20, 299, 991
47, 282, 1001
40, 226, 993
40, 226, 993
74, 85, 993
50, 109, 1027
57, 99, 982
57, 99, 982
55, -54, 995
39, -147, 1000
14, -110, 1000
-6, -48, 1004
-6, -23, 984
-6, -23, 984
-1, -81, 1030
25, -102, 996
47, -78, 993
52, -121, 1008
52, -121, 1008
53, -117, 993
44, -154, 983
59, -283, 1015
83, -384, 997
104, -478, 997
142, -464, 984
-,-,-
0, 107, 1038
-9, 201, 962
-35, 220, 989
-8, 316, 1013
-8, 316, 1013
6, 297, 985
41, 161, 1032
42, 102, 998
41, 77, 987
41, 77, 987
43, 38, 988
28, 59, 1026
51, 1, 997
51, 1, 997
27, -58, 1010
6, -23, 977
6, -23, 977
-4, 4, 1032
22, -26, 963
-11, -60, 1014
16, -108, 1012
17, -85, 1011
17, -85, 1011
24, -44, 980
75, -116, 1000
68, -107, 997
67, -135, 1009
56, -191, 1019
93, -222, 980
93, -222, 980
-,-,-
10, 193, 987
10, 193, 987
-45, 339, 1013
-11, 334, 1014
17, 320, 1014
13, 242, 969
13, 164, 1002
13, 164, 1002
33, 134, 1030
18, 123, 977
57, 15, 992
26, -94, 978
26, -94, 978
12, -55, 1012
8, -55, 982
-5, -69, 973
-23, -69, 1014
-23, -76, 1014
6, -85, 1016
-2, -84, 964
14, -70, 1033
47, -113, 1036
25, -80, 961
25, -80, 961
50, -123, 997
59, -178, 1026
73, -207, 993
90, -295, 978
-,-,-
1, 128, 999
-18, 335, 992
-18, 335, 992
19, 302, 1007
24, 359, 991
41, 344, 1017
32, 233, 997
35, 124, 1009
35, 124, 1009
53, 103, 1000
53, 103, 1003
44, 60, 1001
39, -58, 984
39, -58, 984
45, -111, 992
29, -122, 1018
50, -131, 980
38, -137, 1029
56, -101, 971
28, -139, 1007
28, -139, 1007
64, -151, 1007
53, -217, 1005
86, -246, 1004
90, -333, 991
78, -346, 990
52, -409, 1011
42, -337, 973
-,-,-
-5, 388, 966
82, 261, 1007
8, 197, 998
8, 197, 998
-22, 241, 999
48, 153, 1013
32, 180, 1001
32, 257, 979
32, 257, 979
42, 215, 992
53, 156, 1039
69, 88, 1005
69, 88, 1005
49, 90, 993
31, 66, 1025
37, 34, 979
0, 41, 994
0, 41, 994
20, -59, 994
33, -114, 1015
16, -84, 993
16, -84, 993
23, -95, 989
29, -8, 992
21, -1, 1026
21, -1, 1026
52, -57, 972
65, -176, 1026
54, -293, 997
76, -379, 1002
70, -436, 994
70, -436, 994
77, -512, 993
-,-,-
8, 291, 997
-28, 346, 986
1, 321, 986
1, 321, 986
39, 263, 1004
40, 181, 1020
47, 207, 998
30, 212, 1010
36, 208, 1001
36, 208, 1001
53, 133, 981
54, 49, 1024
28, 62, 996
28, 62, 996
33, 21, 960
35, -84, 1013
32, -148, 991
35, -226, 995
35, -226, 995
46, -183, 1024
27, -237, 987
74, -352, 1009
53, -402, 964
84, -470, 1012
102, -493, 997
119, -357, 978
119, -357, 978
-,-,-
68, 402, 942
50, 271, 986
50, 271, 986
70, 250, 996
53, 231, 972
43, 173, 1033
40, 194, 928
40, 194, 928
46, 150, 1024
76, -72, 994
33, -48, 997
23, -138, 1019
33, -195, 966
33, -195, 966
23, -183, 1005
24, -118, 999
29, -235, 969
64, -298, 1008
56, -389, 998
95, -432, 961
95, -432, 961
98, -472, 1027
-,-,-
2, 341, 986
2, 341, 986
30, 315, 1015
30, 316, 997
14, 257, 984
14, 257, 984
41, 203, 1001
59, 94, 1010
74, -11, 996
64, -43, 992
64, -43, 992
71, 36, 994
35, -10, 999
64, -112, 985
64, -112, 985
64, -126, 1017
70, -123, 965
66, -161, 1055
53, -130, 981
59, -203, 1009
31, -327, 990
34, -488, 986
34, -488, 986
-,-,-
55, 428, 966
55, 428, 966
26, 346, 1013
36, 253, 999
41, 175, 1013
28, 219, 1002
47, 159, 1009
47, 159, 1009
52, 133, 985
76, 80, 998
58, 0, 1021
58, 0, 1021
37, 4, 982
26, 56, 993
36, -41, 986
36, -41, 986
18, -111, 997
34, -190, 1019
36, -177, 996
47, -208, 982
50, -207, 1012
50, -207, 1012
39, -218, 988
56, -225, 1011
59, -266, 999
44, -339, 1002
77, -435, 986
-,-,-
-48, 380, 1002
-9, 275, 977
21, 247, 1007
22, 208, 1041
41, 189, 987
41, 189, 987
24, 175, 1001
30, 164, 992
39, 37, 1031
56, -71, 950
56, -71, 950
32, -44, 989
18, -27, 1012
26, -18, 1032
40, -45, 974
35, -26, 983
35, -26, 983
22, -36, 1004
61, -92, 998
26, -97, 1018
82, -171, 985
82, -171, 985
48, -287, 981
44, -315, 990
59, -535, 993
94, -613, 991
138, -358, 999
-,-,-
35, 311, 988
26, 241, 1001
56, 259, 995
38, 231, 1000
51, 162, 1020
51, 162, 1020
35, 113, 996
43, 82, 1000
51, -1, 969
48, -5, 1034
48, -5, 1034
34, -22, 1001
7, -7, 1001
-9, 39, 984
-9, 39, 984
29, -21, 1016
19, -93, 996
27, -22, 1019
50, -57, 1000
50, -57, 1000
32, -54, 967
50, -124, 999
50, -204, 1018
49, -251, 974
52, -410, 1024
80, -598, 985
80, -598, 985
115, -555, 983
-,-,-
114, 421, 971
114, 421, 971
34, 173, 1010
26, 312, 1006
-15, 313, 1007
24, 315, 987
28, 310, 1001
30, 249, 1010
30, 249, 1010
60, 167, 1001
55, 150, 996
53, 185, 990
69, 71, 1031
69, 71, 1031
69, 10, 971
74, -73, 1014
81, -246, 1003
49, -209, 997
29, -187, 974
29, -187, 974
38, -173, 991
45, -197, 1008
53, -196, 996
71, -208, 1002
47, -316, 1011
55, -473, 1003
55, -473, 1003
80, -557, 986
33, -196, 992
-,-,-
13, 208, 1004
14, 101, 1001
6, 133, 985
-15, 143, 1006
-14, 148, 1013
-14, 148, 1013
-14, 176, 991
45, 128, 1016
62, 34, 979
62, 33, 1008
52, 166, 987
52, 166, 987
58, 147, 1028
55, 91, 1014
73, -34, 977
93, -107, 992
93, -107, 992
94, -163, 1005
64, -125, 994
8, -107, 997
21, -226, 996
40, -373, 992
40, -373, 992
59, -539, 1012
46, -429, 1008
109, -366, 971
64, -170, 1000
-,-,-
36, 133, 994
24, 111, 1010
24, 111, 1010
28, 136, 982
37, 127, 994
39, 162, 1031
25, 200, 1010
44, 174, 1001
44, 174, 1001
61, 172, 979
60, 108, 1012
62, 62, 1003
68, 18, 993
68, 18, 993
63, -118, 1009
41, -101, 990
40, -150, 1009
66, -181, 980
25, -240, 1005
56, -304, 995
56, -304, 995
57, -437, 976
-,-,-
72, 301, 993
61, 193, 972
61, 193, 972
35, 138, 977
58, 152, 980
38, 166, 1035
70, 265, 981
70, 265, 981
52, 219, 1007
45, 251, 991
37, 246, 1013
56, 209, 1014
85, 57, 957
85, 57, 957
74, 51, 1022
79, -112, 1014
78, -221, 977
55, -306, 970
55, -306, 970
39, -390, 1039
54, -359, 986
55, -481, 988
38, -512, 987
-,-,-
35, 209, 990
1, 231, 998
12, 186, 985
12, 186, 985
32, 186, 1002
37, 159, 1009
42, 91, 1009
63, 84, 1010
63, 84, 1010
45, 69, 992
49, 97, 1001
59, 95, 990
59, 95, 990
36, 15, 1007
57, -101, 1008
50, -81, 984
53, -56, 1015
53, -56, 1015
60, -37, 979
51, -81, 1022
57, -169, 1003
60, -191, 990
37, -334, 986
-,-,-
-10, 293, 973
-10, 293, 973
20, 378, 989
19, 318, 1021
23, 260, 992
60, 209, 1003
60, 209, 1003
104, 107, 994
87, 60, 1006
108, 37, 990
106, -41, 1023
76, -49, 991
76, -49, 991
77, -109, 988
46, -200, 1029
63, -232, 970
28, -196, 1002
34, -251, 1012
34, -251, 1012
47, -251, 962
58, -304, 1021
42, -362, 994
25, -355, 999
80, -375, 993
-,-,-
13, 225, 977
13, 225, 977
0, 141, 994
30, 147, 1018
25, 181, 1014
25, 181, 1014
38, 220, 983
17, 278, 1004
27, 305, 996
56, 266, 996
82, 119, 1009
82, 119, 1009
55, 57, 1018
21, 133, 976
53, 71, 1006
48, -28, 1007
48, -28, 1007
104, -79, 995
90, -209, 932
85, -290, 1013
76, -467, 996
38, -620, 979
37, -648, 1011
37, -648, 1011
82, -531, 1002
35, -209, 988
-,-,-
22, 344, 957
22, 344, 957
55, 191, 1027
54, 160, 1001
50, 213, 995
33, 171, 1006
33, 171, 1006
32, 182, 994
34, 161, 1002
45, 93, 1018
63, 42, 990
63, 42, 990
35, 19, 1013
44, -5, 980
38, -73, 1017
38, -73, 1017
73, -160, 1030
79, -208, 993
70, -141, 961
57, -122, 1001
35, -207, 1007
56, -290, 1015
58, -378, 1016
47, -501, 972
47, -501, 972
-,-,-
26, 230, 1001
19, 288, 989
25, 185, 988
13, 234, 1001
4, 275, 1021
4, 275, 1021
27, 221, 1002
27, 153, 971
58, 129, 1011
50, 76, 997
50, 76, 997
44, 76, 1002
52, 61, 1013
42, 23, 985
42, 23, 985
62, -9, 1005
46, -102, 1026
74, -170, 997
68, -177, 957
68, -177, 957
63, -213, 1018
75, -260, 1013
43, -338, 996
82, -507, 989
77, -626, 1004
71, -353, 991
-,-,-
29, 219, 993
7, 150, 988
19, 174, 1012
33, 163, 1011
29, 137, 984
29, 137, 984
52, 114, 1007
55, 100, 999
39, 59, 987
48, 71, 993
48, 71, 993
30, 49, 1010
19, 73, 996
51, -73, 999
51, -73, 999
45, -104, 1023
52, -191, 959
49, -217, 1020
49, -245, 968
59, -258, 1025
59, -258, 1025
41, -260, 1006
43, -279, 1007
49, -309, 986
81, -474, 995
69, -279, 995
147, -556, 1026
-,-,-
8, 343, 989
30, 285, 968
23, 310, 1017
60, 278, 996
60, 278, 996
77, 194, 1022
58, 134, 969
69, 120, 991
57, 140, 983
57, 140, 983
48, 68, 1008
67, 78, 1026
76, -82, 983
80, -147, 990
80, -147, 990
55, -177, 981
36, -208, 988
41, -200, 992
29, -258, 986
38, -346, 1027
38, -346, 1027
43, -471, 999
66, -538, 966
89, -527, 1000
48, -235, 1003
153, -396, 1005
-,-,-
19, 133, 986
19, 133, 986
-17, 278, 992
4, 251, 1038
26, 294, 965
18, 298, 1020
18, 298, 1020
34, 267, 996
45, 244, 1006
35, 282, 1011
61, 224, 985
61, 224, 985
83, 27, 1001
49, -20, 1019
42, -133, 953
51, -195, 1003
39, -215, 996
39, -215, 996
64, -260, 968
50, -264, 998
62, -244, 1018
85, -307, 976
97, -429, 1009
73, -460, 1004
87, -453, 972
-,-,-
52, 362, 972
26, 383, 975
32, 291, 1048
49, 216, 993
47, 136, 1021
47, 105, 990
47, 105, 990
28, -8, 966
-1, -69, 1008
11, -102, 1006
23, -134, 967
23, -134, 967
34, -276, 1029
97, -247, 990
30, -276, 979
35, -392, 996
48, -474, 1003
84, -551, 994
84, -551, 994
83, -346, 995
57, -164, 1006
-,-,-
29, 88, 986
9, 96, 984
-16, 191, 995
5, 251, 1014
5, 251, 1014
-9, 236, 979
-2, 165, 1017
38, 80, 982
38, 80, 982
47, 23, 1027
2, 62, 1010
25, 126, 996
25, 126, 996
21, 70, 1007
41, 28, 988
43, -21, 1011
58, -75, 1009
58, -75, 1009
48, -127, 1013
48, -54, 989
67, -91, 985
82, -257, 1004
54, -280, 995
71, -401, 1007
71, -401, 1007
-,-,-
18, 49, 991
18, 49, 991
4, 121, 994
-7, 184, 1015
11, 210, 989
11, 210, 989
30, 190, 1011
40, 213, 999
4, 188, 1005
33, 160, 1020
34, 56, 975
34, 56, 975
37, 8, 1025
27, -33, 993
27, -33, 993
-5, 1, 998
4, -17, 1012
32, -84, 996
21, -116, 1024
21, -116, 1024
87, -174, 990
67, -281, 972
80, -275, 1008
62, -397, 987
53, -433, 997
106, -322, 995
106, -322, 995
-,-,-
-8, 301, 983
34, 179, 995
33, 174, 1010
33, 174, 1010
-17, 208, 997
-4, 235, 1024
2, 224, 984
16, 126, 1004
48, -73, 1020
48, -73, 1020
30, -124, 966
16, -73, 996
25, -90, 1000
32, -77, 1006
32, -101, 1025
32, -101, 1025
39, -165, 995
52, -193, 983
43, -242, 1016
43, -287, 1004
81, -313, 990
115, -405, 981
75, -289, 1002
-,-,-
25, 109, 1002
16, 188, 987
-3, 260, 1010
-3, 260, 1010
-19, 315, 991
25, 309, 1036
20, 247, 970
61, 128, 976
61, 128, 976
58, 94, 1034
52, 48, 981
73, 0, 1003
73, 0, 1003
57, -100, 985
64, -129, 1019
73, -202, 968
64, -238, 1001
51, -210, 993
50, -226, 1012
50, -226, 1012
21, -222, 1008
34, -190, 988
26, -177, 1019
0, -114, 1001
-6, -123, 993
15, -217, 1003
76, -323, 989
76, -323, 989
-,-,-
20, 200, 988
-8, 180, 996
35, 109, 1009
45, 112, 984
29, 110, 1009
29, 110, 1009
62, 91, 1012
20, 127, 998
9, 157, 995
37, 108, 1011
37, 108, 1011
67, 34, 1002
52, -51, 1000
48, -38, 996
18, -32, 1004
20, -95, 1006
20, -95, 1006
8, -92, 992
14, -119, 1014
-25, -51, 1012
-22, -33, 991
9, -148, 1004
9, -148, 1004
35, -210, 995
35, -265, 1013
58, -262, 989
68, -336, 993
-,-,-
50, 38, 1005
44, 96, 987
44, 96, 987
25, 108, 995
17, 106, 1019
48, 201, 981
48, 201, 1021
44, 214, 1021
41, 195, 986
27, 224, 991
29, 189, 1016
22, 99, 988
22, 99, 988
34, 2, 1005
25, -89, 988
17, -191, 1012
17, -191, 1012
9, -154, 991
8, -157, 994
6, -115, 1015
12, -119, 1001
7, -107, 998
7, -107, 998
35, -134, 1000
37, -176, 1010
66, -279, 982
76, -394, 1010
101, -298, 988
-,-,-
-5, 103, 989
-5, 103, 989
48, 138, 992
36, 193, 1012
16, 243, 1014
22, 271, 1003
16, 296, 983
16, 296, 983
14, 230, 1013
53, 46, 988
29, -96, 1016
26, -141, 1003
26, -141, 1003
24, -160, 1005
14, -136, 993
21, -179, 1000
53, -243, 992
36, -272, 1028
52, -249, 971
59, -280, 1002
59, -280, 1002
74, -337, 1000
96, -324, 991
37, -92, 1003
57, -151, 1002
93, -220, 1005
-,-,-
43, 117, 984
10, 94, 983
35, 83, 1001
3, 173, 994
3, 173, 994
19, 170, 1022
27, 171, 1000
21, 169, 996
34, 143, 996
34, 143, 996
48, 104, 1016
44, 5, 987
40, -37, 1017
26, -76, 1005
26, -76, 1005
5, -24, 993
2, -52, 981
2, -77, 1014
2, -77, 1014
13, -86, 992
11, -82, 1007
18, -52, 998
28, -100, 1026
74, -127, 978
74, -127, 978
44, -242, 998
70, -318, 1029
99, -440, 979
80, -331, 981
-,-,-
31, 152, 993
31, 152, 993
17, 150, 998
43, 132, 1015
10, 126, 999
10, 126, 999
9, 94, 1018
19, 67, 992
21, 28, 988
21, 28, 988
36, -5, 1000
23, -15, 1031
26, -5, 982
34, 16, 999
34, 16, 999
6, 44, 979
20, 18, 1028
20, 18, 1028
27, 10, 985
35, 20, 1007
35, -48, 1056
59, -43, 958
59, -43, 958
44, -116, 987
27, -161, 1020
92, -266, 998
93, -453, 984
69, -540, 1015
-,-,-
58, 237, 999
23, 220, 996
30, 186, 994
30, 186, 994
30, 238, 998
7, 221, 1007
40, 132, 1007
40, 132, 1007
44, -9, 996
53, -17, 1000
46, 76, 989
22, 50, 1023
22, 50, 1023
40, 19, 1020
14, -36, 997
-12, -16, 976
20, 27, 1019
20, 27, 1019
10, 18, 977
20, -74, 1020
23, -108, 999
35, -180, 1023
35, -180, 1023
56, -157, 995
73, -148, 977
66, -212, 1022
110, -317, 977
-,-,-
86, 322, 994
86, 322, 994
16, 235, 993
2, 303, 1007
0, 250, 993
0, 250, 993
21, 226, 1018
3, 203, 1011
22, 167, 979
31, 129, 1020
31, 129, 1020
30, 131, 980
23, 127, 1008
38, 44, 1039
40, -22, 991
40, -22, 991
49, -21, 982
49, -65, 993
61, -77, 1028
47, -135, 984
35, -224, 1029
35, -224, 1029
56, -199, 974
69, -171, 981
28, -246, 1017
78, -258, 1002
74, -294, 1016
78, -327, 984
-,-,-
13, 432, 991
65, 476, 1015
65, 476, 1015
17, 180, 1005
-35, 399, 1003
-22, 351, 988
-10, 362, 1015
29, 331, 1006
27, 240, 1007
27, 240, 1007
55, 156, 993
50, 138, 979
60, 93, 1005
71, 12, 1014
71, 12, 1014
61, -10, 990
82, -93, 1009
61, -120, 1004
40, -142, 987
62, -177, 996
62, -177, 996
34, -239, 1036
48, -238, 948
82, -394, 1033
45, -485, 991
71, -527, 976
104, -459, 1008
-,-,-
7, 327, 996
7, 327, 996
6, 402, 1008
63, 292, 1034
-6, 267, 1000
-16, 320, 993
15, 209, 1011
15, 209, 1011
50, 227, 981
10, 202, 1013
11, 201, 1021
37, 210, 988
37, 210, 988
22, 220, 1002
31, 159, 988
50, 75, 1037
84, -83, 963
84, -83, 963
37, -73, 1023
25, -54, 997
13, -72, 980
26, -102, 987
26, -102, 987
20, -186, 1039
65, -170, 975
54, -158, 978
42, -173, 1029
67, -257, 998
90, -368, 1004
114, -535, 999
-,-,-
23, 297, 1027
32, 343, 966
41, 237, 997
52, 187, 1003
42, 222, 1017
42, 222, 1017
29, 219, 1009
42, 155, 982
29, 136, 1028
18, 128, 992
18, 128, 992
25, 64, 1002
13, 52, 983
8, -33, 990
23, -38, 1026
23, -38, 1026
27, -61, 996
30, -98, 981
40, -109, 1024
39, -130, 1015
69, -169, 1018
69, -169, 1018
80, -160, 968
82, -207, 995
97, -335, 1009
82, -449, 998
109, -561, 992
57, -328, 987
-,-,-
64, 196, 1012
-21, 361, 977
-7, 269, 1015
20, 229, 985
30, 229, 994
30, 211, 994
16, 145, 1016
26, 138, 982
22, 161, 1016
37, 121, 1020
37, 121, 1020
46, 70, 989
46, 34, 1012
48, 10, 989
48, 10, 989
21, 51, 996
53, 30, 993
38, -31, 1006
38, -31, 1006
34, -112, 1009
44, -171, 1000
48, -156, 970
46, -197, 1053
61, -253, 958
92, -454, 1014
90, -539, 990
90, -539, 990
130, -611, 993
-,-,-
-26, 338, 985
29, 311, 997
56, 202, 1001
56, 202, 1001
77, 116, 1012
68, 79, 1009
60, 119, 1003
81, 108, 977
81, 108, 977
49, 26, 1019
77, 9, 1005
44, -90, 999
35, -177, 991
35, -177, 991
26, -156, 1009
32, -153, 994
21, -232, 1018
40, -150, 966
34, -202, 1048
49, -317, 954
49, -317, 954
45, -358, 1007
65, -505, 997
-,-,-
1, 458, 1005
8, 151, 1002
-21, 279, 1003
21, 175, 991
40, 149, 1012
12, 161, 1006
12, 161, 1006
57, 115, 988
43, 119, 1005
47, 148, 994
44, 150, 1022
44, 150, 1022
31, 144, 987
32, 127, 1035
46, 47, 955
23, 30, 1015
23, 30, 1015
47, -27, 977
42, -51, 1017
49, -47, 980
41, -162, 1038
64, -181, 986
64, -181, 986
74, -207, 972
78, -363, 998
55, -305, 1022
74, -371, 1004
75, -401, 980
-,-,-
26, 362, 1012
80, 103, 992
78, 30, 997
46, 68, 989
46, 68, 989
18, 93, 989
-13, 121, 1020
-16, 189, 1009
0, 175, 1007
0, 175, 1007
-1, 161, 1004
30, 196, 989
35, 136, 979
48, 129, 1039
48, 129, 1039
71, 54, 965
57, -36, 1021
38, -87, 986
14, -106, 991
14, -106, 991
13, -119, 1019
-1, -82, 982
14, -71, 1008
31, -50, 982
44, -30, 1005
44, -30, 1005
76, -216, 1002
80, -237, 1025
49, -194, 979
36, -227, 1014
-,-,-
21, 10, 1017
-19, 65, 1004
-53, 219, 993
-6, 326, 1014
-6, 326, 1014
55, 154, 1013
-29, 368, 991
-15, 325, 1009
25, 222, 1001
47, 125, 1016
0, 131, 980
0, 131, 980
-6, 194, 1024
1, 254, 986
6, 146, 1019
6, 146, 1019
33, 62, 986
34, -77, 1013
67, -124, 1009
71, -123, 982
71, -123, 985
49, -102, 985
25, -173, 1003
55, -282, 1014
28, -291, 990
58, -271, 997
81, -297, 1007
73, -316, 980
73, -316, 980
117, -345, 1019
-,-,-
21, 64, 995
40, 132, 988
17, 101, 995
22, 173, 1009
22, 173, 1009
-14, 194, 993
1, 150, 1027
3, 190, 1005
3, 201, 993
3, 201, 993
1, 134, 1011
3, 61, 991
22, -24, 1007
22, -24, 1007
18, -25, 984
66, -30, 1018
45, -6, 992
66, -34, 1008
45, -52, 1015
45, -52, 1015
40, -76, 1003
27, -75, 990
55, -126, 1007
61, -275, 983
77, -337, 996
77, -337, 996
67, -332, 1002
56, -348, 1007
-,-,-
20, 207, 1009
54, 44, 1001
-10, 164, 991
11, 109, 988
-9, 138, 1019
-9, 138, 1019
11, 110, 997
-1, 108, 1004
-13, 137, 1009
3, 165, 1002
41, 101, 992
41, 101, 992
72, 37, 1014
59, -7, 971
67, -7, 1013
67, -7, 1013
30, -16, 1018
39, -42, 1011
30, -41, 983
-3, -18, 1018
17, 9, 998
17, 9, 998
5, 20, 978
-6, -38, 1023
-6, -38, 1023
33, -48, 967
37, -84, 1009
66, -216, 1021
50, -219, 989
69, -320, 1013
69, -320, 1013
68, -388, 1007
-,-,-
53, 383, 989
-3, 60, 1027
29, 177, 987
29, 177, 987
13, 113, 1007
13, 154, 1005
12, 162, 993
28, 165, 999
12, 218, 1028
12, 218, 1028
11, 221, 991
25, 177, 1003
32, 167, 1002
52, 90, 1008
52, 90, 1008
67, 12, 1007
40, 2, 989
43, -70, 1018
29, -87, 1002
29, -87, 1002
37, -131, 1004
23, -183, 1007
39, -208, 988
13, -159, 1005
25, -121, 995
73, -322, 1016
73, -322, 1016
73, -398, 978
-,-,-
53, 134, 1005
42, 63, 1001
42, 63, 1001
21, 131, 994
-9, 177, 1016
12, 153, 998
12, 153, 998
8, 205, 1004
14, 175, 999
-6, 169, 1003
30, 163, 1017
58, 158, 993
58, 158, 993
56, 94, 1008
67, 0, 984
51, -41, 994
51, -41, 994
31, 1, 1020
39, -39, 1015
43, -57, 986
43, -57, 986
16, -54, 1001
42, -101, 1026
34, -99, 977
27, -142, 999
36, -132, 1001
73, -224, 995
73, -224, 995
86, -257, 1013
52, -241, 996
-,-,-
55, 83, 999
25, -27, 1008
33, -8, 997
33, -8, 997
34, 23, 1002
18, 95, 999
8, 108, 1015
8, 108, 1015
-5, 122, 1004
45, 138, 997
25, 150, 999
17, 174, 995
17, 174, 995
23, 139, 1007
33, 101, 1005
53, 64, 1006
33, 44, 1000
33, 44, 1000
15, 34, 987
36, 19, 1004
25, 13, 1011
18, -27, 986
18, -27, 986
12, -3, 1010
23, -29, 1011
1, -39, 997
1, -39, 997
8, -109, 1003
-2, -105, 1004
13, -203, 993
58, -297, 988
71, -347, 1012
-,-,-
22, 90, 980
22, 90, 980
15, 176, 1018
37, 175, 998
50, 133, 1000
29, 78, 1000
29, 78, 1000
52, 44, 989
22, 42, 1009
43, 96, 1004
24, 137, 1001
24, 137, 1001
31, 55, 1012
8, -11, 999
14, -33, 1017
7, -69, 997
7, -69, 997
15, -29, 987
15, -21, 990
2, -74, 1018
2, -74, 1018
2, -129, 998
16, -127, 1003
40, -74, 980
47, -52, 1023
47, -52, 1023
34, -25, 994
49, -66, 1006
36, -105, 1015
36, -54, 983
23, -57, 992
23, -57, 992
-,-,-
27, 69, 1003
19, 180, 984
34, 110, 1012
6, 104, 991
6, 104, 991
8, 140, 1006
16, 171, 999
6, 139, 1016
6, 139, 1016
1, 164, 979
33, 146, 1035
42, 101, 985
40, 15, 1012
40, 15, 1012
32, 7, 996
53, -93, 1002
38, -50, 993
38, -50, 993
47, -66, 987
37, -97, 999
17, -71, 1029
22, -54, 989
22, -54, 989
18, -41, 1016
28, -13, 998
31, -27, 987
44, -38, 1017
44, -38, 1017
53, -219, 981
15, -249, 1023
-,-,-
36, 75, 985
36, 75, 985
-18, 82, 1008
44, 135, 1007
26, 232, 982
26, 232, 982
13, 213, 1008
-7, 137, 989
-15, 73, 1041
4, 81, 995
4, 81, 995
35, 151, 984
20, 183, 1007
0, 160, 1000
31, -58, 991
31, -58, 991
62, -83, 1012
55, -85, 995
60, -96, 1010
6, -10, 981
6, -10, 981
22, -75, 1009
9, -123, 998
34, -154, 1004
42, -189, 992
42, -189, 992
18, -103, 1007
67, -86, 985
42, -126, 1014
57, -145, 999
-,-,-
57, 188, 1014
29, 139, 976
6, 159, 1008
-8, 144, 1009
22, 122, 986
22, 122, 986
3, 91, 998
32, 69, 1019
13, 94, 1005
13, 94, 1005
20, 177, 979
8, 153, 988
26, 104, 1017
46, 2, 1020
46, 2, 1020
37, -30, 1000
-5, -17, 997
16, -56, 1007
16, -56, 1007
29, -6, 993
48, -100, 991
48, -156, 1001
32, -170, 1018
50, -114, 983
50, -114, 983
56, -89, 983
37, -72, 1040
38, -184, 981
20, -193, 1008
68, -246, 994
81, -341, 990
-,-,-
27, 160, 975
27, 160, 975
-42, 227, 1003
-7, 227, 995
15, 206, 1007
29, 147, 1004
29, 147, 1004
39, 157, 1015
1, 183, 999
49, 117, 989
35, 86, 1011
35, 86, 1011
47, 10, 996
25, 24, 987
44, -37, 1031
21, -31, 978
21, -31, 978
2, -32, 1003
12, -55, 1000
43, -110, 1030
40, -102, 955
74, -228, 1026
74, -228, 1026
45, -234, 984
54, -311, 1015
36, -338, 1011
71, -407, 986
-,-,-
24, 61, 979
36, 162, 1004
2, 256, 1017
2, 256, 1017
31, 281, 983
0, 244, 1011
35, 188, 991
35, 188, 991
42, 119, 1004
39, 140, 1004
47, 111, 1001
9, 62, 1010
44, 0, 999
44, 0, 999
18, -29, 1018
29, -76, 998
29, -76, 998
12, -39, 995
26, -111, 1006
0, -176, 991
25, -213, 996
35, -198, 1012
35, -198, 1012
65, -175, 991
70, -212, 983
-,-,-
7, 36, 988
7, 36, 988
-23, 85, 994
-26, 172, 996
-1, 167, 1015
22, 143, 1006
22, 143, 1006
25, 49, 986
50, -32, 1009
36, -31, 1009
38, 44, 1003
38, 44, 1003
11, 109, 992
15, 138, 998
9, 98, 1027
17, 93, 984
17, 93, 984
39, 89, 986
61, -6, 1012
33, -53, 1006
33, -53, 1006
33, -90, 1012
2, -122, 992
22, -112, 987
43, -124, 1016
46, -144, 981
46, -144, 981
64, -218, 1009
76, -284, 1003
62, -276, 1000
-,-,-
52, 56, 970
-3, 88, 1018
-3, 88, 982
14, 125, 982
-13, 157, 1005
-9, 128, 1003
11, 84, 1029
28, 64, 988
28, 64, 988
11, 79, 992
47, 64, 1011
72, 33, 996
72, 33, 996
28, 56, 993
17, 33, 1029
17, 33, 1029
30, 63, 992
54, 29, 986
47, -23, 1009
29, -36, 987
29, -36, 987
13, 8, 1010
-2, -21, 1007
27, -4, 994
27, -4, 994
12, -52, 996
28, -66, 1007
23, -150, 990
9, -87, 1003
9, -87, 1003
12, -135, 1002
22, -227, 1019
61, -333, 986
-,-,-
40, 212, 980
13, 254, 987
27, 124, 1000
27, 124, 1000
-4, 184, 1013
-16, 197, 994
16, 136, 995
11, 82, 1006
34, 47, 1007
34, 47, 1007
25, 49, 1018
44, 83, 986
26, 42, 1005
26, 42, 1005
43, -13, 1000
63, -84, 1004
52, -73, 993
51, -50, 1006
10, -24, 989
10, -24, 989
8, -65, 1016
3, -55, 1019
29, -53, 987
29, -53, 987
44, -107, 984
58, -252, 982
34, -213, 1027
43, -279, 999
48, -313, 993
119, -472, 999
-,-,-
48, 231, 978
5, 160, 978
5, 122, 1019
5, 122, 1019
1, 188, 996
20, 168, 1005
10, 141, 999
11, 153, 1027
11, 153, 1027
26, 125, 987
28, 50, 1007
27, 29, 999
27, 29, 999
16, 60, 1003
37, -2, 991
52, -44, 997
44, -62, 1005
44, -62, 1005
41, -108, 1004
41, -121, 1003
22, -65, 1010
46, -175, 976
60, -257, 1009
75, -397, 1000
-,-,-
53, 315, 990
53, 315, 990
12, 311, 998
32, 234, 1003
14, 205, 1003
-23, 152, 985
-23, 152, 985
27, 104, 1010
36, 105, 1003
44, 54, 1001
33, 20, 1019
33, 20, 1019
41, -68, 982
27, -45, 1010
18, -51, 1010
22, -30, 992
29, -54, 1015
29, -54, 1015
45, -52, 1005
34, -66, 974
55, -112, 1001
38, -150, 1004
48, -250, 1010
77, -281, 999
77, -281, 999
61, -319, 1006
79, -282, 994
-,-,-
18, 346, 1009
18, 313, 983
0, 335, 990
9, 262, 1016
26, 262, 1019
26, 192, 1019
22, 119, 987
39, -15, 1000
26, -7, 994
16, -76, 992
16, -76, 992
12, -101, 1009
24, -120, 1020
23, -98, 994
54, -173, 1022
81, -195, 980
81, -195, 980
93, -333, 999
-,-,-
9, -38, 991
-11, -20, 1003
-11, -20, 1003
31, -38, 1002
29, 25, 1006
7, 143, 994
13, 135, 1020
13, 135, 990
-26, 165, 990
-33, 221, 1014
-6, 235, 977
16, 292, 1032
2, 296, 990
2, 296, 990
-3, 298, 1007
19, 226, 1019
39, 117, 1015
54, -25, 999
54, -25, 999
80, -14, 983
62, -132, 992
79, -174, 1000
58, -215, 951
39, -219, 1052
39, -219, 1052
68, -213, 985
101, -220, 998
93, -305, 990
97, -296, 1001
73, -372, 1012
-,-,-
47, 202, 1003
6, 34, 997
6, 34, 997
23, 60, 998
0, 142, 995
6, 201, 1001
6, 201, 1001
1, 200, 1018
-10, 180, 1003
-34, 130, 1004
12, 131, 978
12, 131, 978
40, 144, 1028
52, 81, 994
59, 0, 1006
48, -82, 1014
48, -82, 1014
42, -46, 963
37, -40, 1018
27, -14, 1006
19, 2, 1005
19, 2, 1005
35, -54, 1028
23, -90, 969
25, -109, 1030
31, -76, 968
31, -76, 968
27, -74, 1023
39, -70, 993
39, -120, 996
69, -255, 1002
65, -357, 982
65, -357, 982
-,-,-
-11, 358, 1017
54, 308, 983
-25, 112, 999
-15, 202, 1000
5, 149, 1005
5, 149, 1005
30, 134, 1007
13, 118, 992
21, 61, 1010
17, 25, 991
17, 25, 991
39, 43, 1003
46, 82, 998
51, 100, 1011
51, 100, 1011
26, 92, 1000
43, 18, 1008
41, 3, 984
20, -2, 1000
20, -2, 1000
6, -3, 983
-17, 56, 1015
-3, 77, 1001
-3, 77, 1001
32, 10, 1009
53, -78, 1022
52, -114, 981
66, -253, 981
66, -253, 981
84, -304, 1014
52, -333, 987
-,-,-
28, 281, 987
28, 281, 987
38, 41, 1004
46, 32, 1007
16, 85, 999
16, 85, 999
19, 155, 992
-4, 169, 1010
-9, 168, 994
9, 112, 1015
9, 112, 1015
5, 69, 995
36, 49, 984
36, 49, 984
29, 52, 1022
21, 23, 999
30, 24, 1005
27, -7, 1002
27, -7, 1002
-3, 36, 1013
11, 29, 989
19, 32, 1001
19, 32, 1001
21, 0, 1002
34, -48, 1006
22, -72, 998
44, -66, 1011
44, -66, 1011
45, -75, 975
47, -153, 1048
76, -210, 968
64, -351, 1004
-,-,-
24, 300, 1014
74, 262, 1002
36, 53, 1002
29, 157, 996
6, 183, 1001
6, 183, 1001
-3, 211, 1000
0, 198, 977
11, 152, 1032
40, 152, 1013
40, 125, 1013
55, 184, 977
38, 243, 999
17, 164, 1011
52, 64, 1013
52, 64, 1013
44, 8, 998
27, 42, 1008
38, 15, 975
38, 15, 975
31, 9, 1000
35, -52, 1013
76, -173, 999
76, -173, 999
55, -196, 985
63, -206, 1003
38, -311, 1010
29, -314, 997
19, -402, 983
74, -490, 1019
114, -429, 984
-,-,-
34, 39, 1008
34, 39, 1008
-1, 73, 1007
20, 160, 994
18, 183, 998
18, 183, 998
30, 182, 1007
23, 183, 985
30, 158, 1046
16, 167, 985
4, 203, 987
4, 203, 987
10, 181, 993
7, 100, 1009
31, -20, 1024
31, -20, 1024
50, -21, 976
34, -45, 1001
7, -44, 1006
14, -35, 988
14, -35, 988
30, -125, 1034
33, -139, 977
45, -120, 1005
43, -140, 1006
51, -242, 998
74, -319, 1010
74, -319, 993
-,-,-
-17, 429, 996
-8, 419, 1013
25, 39, 1013
12, 224, 986
-8, 172, 988
-8, 172, 988
11, 154, 1011
-2, 169, 1004
7, 133, 1026
14, 122, 999
14, 122, 999
10, 129, 986
27, 165, 1003
26, 194, 977
12, 154, 1020
12, 154, 1020
12, 75, 1017
30, 89, 1010
24, 29, 982
41, -80, 1017
41, -80, 1017
41, -106, 982
44, -161, 1028
76, -207, 975
35, -169, 983
49, -246, 1018
68, -308, 995
68, -308, 995
73, -352, 1016
-,-,-
53, 85, 960
19, 183, 1015
55, 25, 1002
55, 25, 1002
49, 102, 998
-10, 169, 1008
0, 177, 1006
4, 167, 990
4, 167, 990
12, 173, 1026
22, 137, 989
6, 163, 991
18, 152, 1011
18, 152, 1011
21, 143, 992
22, 78, 1031
24, -62, 984
39, -57, 984
39, -57, 984
18, -102, 1012
21, -111, 987
7, -94, 1014
11, -72, 997
11, -72, 997
40, -90, 1005
34, -109, 995
35, -118, 996
56, -82, 1000
90, -234, 995
90, -234, 995
86, -325, 998
99, -352, 990
93, -343, 1019
-,-,-
43, 256, 998
-28, 182, 972
-14, 134, 1001
-12, 145, 1009
-8, 116, 994
35, 89, 987
35, 89, 987
40, 138, 1031
30, 155, 986
44, 98, 1010
44, 98, 1010
53, 18, 1000
54, -34, 1005
58, -50, 997
20, -54, 1005
20, -54, 1005
38, -65, 996
37, -97, 1010
58, -139, 994
63, -215, 992
57, -208, 1000
57, -208, 1000
-,-,-
3, 210, 970
-22, 253, 1008
-7, 192, 1011
-7, 192, 1011
-7, 126, 986
10, 54, 1010
55, 5, 1000
60, -9, 1000
60, -9, 1000
45, 15, 978
16, -33, 1027
16, 6, 996
16, 6, 996
18, 25, 998
26, 10, 1014
30, 39, 989
30, 39, 989
48, -8, 1000
75, -126, 1018
81, -184, 976
43, -219, 1018
43, -219, 1018
52, -186, 979
37, -205, 1014
-,-,-
8, 78, 993
8, 78, 993
-22, 215, 997
-14, 164, 1008
8, 142, 988
8, 142, 988
0, 89, 1029
4, 83, 975
4, 83, 975
31, 21, 1007
32, 22, 1007
27, 55, 1030
27, 55, 1030
39, 92, 964
41, 45, 1008
54, 4, 1014
49, -55, 999
49, -55, 999
59, -72, 992
39, -58, 997
47, -58, 990
47, -58, 990
34, -107, 1020
5, -89, 993
17, -71, 998
9, -70, 1014
9, -70, 1014
22, -64, 1002
11, -90, 1000
33, -128, 998
45, -157, 1008
48, -178, 981
48, -178, 981
-,-,-
7, 95, 1018
5, 183, 960
1, 221, 999
1, 221, 999
5, 277, 1009
6, 217, 994
-3, 144, 1022
-3, 144, 1022
38, 61, 988
59, 24, 1006
26, 50, 994
32, 55, 1014
32, 55, 1014
23, -8, 1015
52, -8, 971
30, -17, 1001
30, -17, 1001
2, -69, 997
0, -128, 1027
37, -115, 986
36, -144, 990
63, -152, 1010
63, -152, 1010
51, -106, 1002
43, -108, 1007
25, -85, 1016
51, -80, 972
29, -155, 995
47, -205, 1018
47, -205, 1018
-,-,-
34, 399, 971
34, 399, 971
101, 184, 1002
25, 23, 998
84, 121, 992
12, 105, 1000
-30, 193, 1002
-30, 193, 1002
0, 163, 1023
-7, 154, 990
13, 121, 992
16, 60, 1017
16, 60, 1017
-2, 72, 990
19, 70, 1001
23, 68, 1008
4, 14, 993
4, 14, 993
33, 6, 997
28, 9, 1012
28, 9, 1012
33, -52, 997
39, -70, 1008
35, -71, 985
35, -71, 985
41, -91, 1012
38, -115, 1009
36, -146, 989
43, -208, 1019
78, -237, 967
51, -343, 1015
-,-,-
100, 166, 1002
15, 20, 989
23, 191, 1000
-9, 176, 1000
5, 200, 996
5, 200, 996
-10, 202, 1014
37, 127, 999
38, 56, 990
49, 15, 1016
49, 15, 1016
28, 32, 1000
32, -4, 1009
18, 1, 999
18, 1, 999
25, 6, 998
15, 7, 976
15, 7, 976
9, 11, 1029
20, -30, 999
12, -45, 1001
12, -45, 1001
2, -75, 1010
27, -108, 992
26, -108, 1002
40, -150, 1006
60, -170, 996
69, -237, 1011
69, -237, 1011
-,-,-
-10, 174, 1010
62, 202, 984
54, 195, 996
9, 189, 986
9, 189, 986
20, 210, 1002
24, 166, 999
8, 114, 1019
35, 78, 997
35, 78, 997
41, 93, 1001
22, 97, 993
30, 92, 997
30, 92, 997
27, 65, 1012
49, -35, 984
33, -50, 1004
33, -50, 1004
43, -107, 995
44, -137, 1020
44, -113, 983
44, -137, 1011
64, -155, 999
53, -183, 1005
53, -183, 1005
59, -244, 1006
89, -278, 998
-,-,-
35, 29, 1010
2, 155, 982
18, 121, 1003
33, 120, 1000
33, 120, 1000
-7, 198, 1007
-8, 249, 988
-3, 224, 998
31, 134, 1035
31, 134, 1035
31, 54, 967
36, -31, 1023
17, 33, 985
38, 116, 996
38, 116, 996
43, 70, 1038
43, -28, 991
51, -72, 1003
30, -64, 997
30, -64, 997
37, -69, 969
46, -69, 1030
44, -78, 985
62, -180, 1010
62, -180, 1010
41, -252, 1015
79, -256, 987
76, -308, 997
78, -328, 1006
-,-,-
-31, 130, 1004
23, 209, 967
39, 179, 1006
20, 132, 1007
48, 137, 1008
-15, 143, 995
-15, 143, 995
25, 102, 1009
34, 56, 990
37, 66, 1008
55, 99, 1008
55, 99, 1008
15, 122, 993
27, 81, 1018
23, 2, 1002
38, -10, 982
38, -10, 982
31, -8, 1017
44, -52, 996
41, -61, 989
41, -61, 989
25, -91, 990
39, -158, 1015
68, -216, 961
32, -210, 1032
55, -189, 998
56, -223, 1004
56, -223, 1004
-,-,-
-3, 442, 1007
75, 343, 1000
10, 99, 998
45, 172, 1000
45, 172, 1000
44, 214, 993
43, 221, 997
15, 216, 1016
7, 194, 997
7, 194, 997
-3, 183, 983
31, 102, 1015
46, 87, 1006
28, 72, 1004
28, 72, 1004
26, 62, 1011
24, 30, 993
32, 4, 1002
32, 4, 1002
25, -22, 1005
43, -65, 979
50, -109, 1026
47, -158, 986
47, -158, 986
70, -187, 1034
58, -195, 962
74, -320, 994
-,-,-
58, 113, 984
58, 113, 984
24, 117, 995
2, 102, 1015
5, 116, 988
5, 116, 988
-16, 170, 1006
11, 94, 1007
26, 67, 1005
26, 83, 999
26, 83, 999
49, 74, 991
27, 77, 999
27, 77, 999
5, 119, 1004
10, 47, 1018
23, 36, 979
34, -7, 1012
34, -7, 1012
35, -42, 991
47, -76, 1005
52, -135, 997
57, -139, 995
57, -139, 995
45, -170, 1010
50, -168, 1015
73, -198, 975
-,-,-
-4, 14, 983
-4, 14, 983
16, 57, 1002
49, 14, 998
49, 14, 998
52, 1, 1003
38, 76, 1000
2, 149, 1013
-6, 103, 981
-6, 103, 981
19, 80, 1007
30, 88, 1006
45, 53, 997
45, 53, 997
40, 91, 1015
27, 118, 996
3, 97, 992
3, 97, 992
-5, 84, 1007
6, 12, 980
6, 12, 980
11, 4, 1007
8, 21, 999
-5, -4, 1003
-5, -4, 1003
7, -35, 1016
17, -20, 998
19, -25, 1001
34, -30, 1011
34, -30, 1011
41, -67, 1020
51, -56, 991
71, -220, 985
59, -314, 1004
77, -428, 995
-,-,-
29, 337, 1001
23, 131, 996
35, 121, 1002
27, 169, 999
27, 169, 999
24, 205, 1007
36, 212, 994
27, 231, 1001
32, 201, 1007
32, 201, 1007
25, 216, 991
21, 192, 1002
33, 161, 1003
32, 107, 1007
56, -24, 1008
56, -24, 1008
53, -27, 986
60, -119, 983
55, -183, 1014
50, -216, 1001
25, -235, 994
39, -277, 977
39, -277, 977
20, -282, 1030
49, -280, 977
-,-,-
47, 167, 981
1, 156, 999
1, 156, 999
2, 170, 992
4, 196, 1008
16, 173, 1011
33, 138, 1003
33, 138, 1003
55, 100, 995
57, 61, 998
48, 58, 1012
27, 61, 992
27, 61, 992
19, 33, 1022
20, 46, 990
47, -31, 997
47, -31, 997
44, -81, 1005
27, -107, 999
13, -122, 1003
11, -123, 1005
21, -173, 1005
21, -173, 1005
25, -179, 980
48, -280, 1007
-,-,-
63, 181, 990
-11, 13, 1004
-11, 13, 1004
37, 17, 1001
18, 87, 1005
-18, 209, 994
-8, 188, 1014
-8, 188, 1014
-2, 166, 997
28, 136, 1002
18, 146, 1007
40, 135, 992
46, 136, 1013
46, 136, 1013
61, 99, 976
48, 56, 1019
50, 0, 981
50, 0, 981
41, 31, 1029
32, 70, 1004
36, 30, 997
36, 30, 997
33, 37, 997
25, -18, 994
37, -45, 964
37, -45, 964
18, -167, 996
96, -333, 1036
51, -326, 979
40, -475, 992
-,-,-
-21, 173, 987
73, 286, 1002
47, 282, 991
47, 282, 991
51, 216, 1020
39, 213, 985
16, 214, 1001
5, 152, 1024
13, 105, 998
13, 105, 998
27, 97, 998
42, 39, 997
29, 81, 971
29, 81, 971
6, 45, 1038
17, 8, 1005
17, 8, 1005
38, -14, 982
41, -87, 993
53, -152, 1035
61, -107, 990
62, -212, 987
62, -212, 987
27, -278, 997
26, -316, 976
50, -448, 1036
-,-,-
91, 340, 991
-17, 149, 997
-17, 149, 997
55, 257, 1002
25, 276, 992
38, 280, 1006
-8, 320, 1018
46, 243, 1003
46, 243, 1003
57, 130, 1009
66, 27, 985
53, -36, 1026
49, -103, 969
-1, -94, 988
-1, -94, 988
-2, -99, 1017
0, -131, 1006
11, -119, 997
10, -126, 1005
11, -90, 993
11, -90, 993
34, -99, 1033
44, -89, 995
47, -78, 968
54, -198, 1005
54, -198, 1005
40, -231, 1011
-,-,-
1, 32, 998
1, 32, 998
60, 149, 1000
32, 120, 995
30, 142, 994
30, 142, 994
-26, 276, 1008
-24, 287, 1002
-12, 245, 1010
0, 168, 999
45, 67, 987
45, 67, 987
34, 39, 1015
14, 46, 978
40, 49, 999
40, 49, 999
49, 55, 990
36, -12, 1026
55, -39, 942
55, -39, 942
50, -93, 1030
62, -144, 976
48, -141, 977
58, -222, 1011
72, -364, 1016
72, -364, 1016
79, -379, 994
-,-,-
32, 111, 980
36, 158, 999
36, 158, 999
-6, 222, 998
5, 220, 1009
-1, 230, 998
-1, 230, 998
-3, 188, 1015
24, 150, 990
35, 106, 1018
47, 74, 991
47, 74, 991
51, 50, 1005
40, 67, 980
45, 15, 998
45, 15, 998
48, 19, 1004
45, -5, 1006
51, -16, 1003
34, -36, 1018
34, -36, 1018
23, -98, 1002
30, -175, 997
57, -174, 977
28, -252, 1004
75, -320, 1001
79, -359, 993
79, -359, 993
74, -422, 999
-,-,-
-5, 160, 987
-2, 307, 989
-2, 307, 989
6, 248, 1005
19, 208, 1004
19, 193, 984
18, 172, 1026
18, 172, 1026
10, 182, 983
18, 146, 1026
25, 103, 991
42, -3, 1003
46, 45, 999
46, 45, 999
34, 45, 994
18, 42, 1014
18, 42, 996
48, -24, 996
52, -129, 994
83, -167, 1004
65, -243, 1012
97, -402, 986
97, -402, 986
64, -451, 980
-,-,-
33, 299, 993
-12, 272, 1014
13, 285, 993
22, 224, 1012
22, 224, 1012
40, 196, 1008
29, 175, 993
20, 133, 1006
41, 79, 1009
48, 55, 1005
48, 55, 1005
36, 39, 998
41, 5, 1004
64, -31, 991
64, -31, 991
22, -6, 992
23, -31, 1016
16, -29, 994
16, -29, 994
42, -57, 996
40, -108, 992
58, -137, 1016
24, -138, 995
42, -151, 1010
36, -240, 988
36, -240, 988
52, -344, 1006
25, -359, 1001
-,-,-
58, 159, 966
36, 123, 1006
19, 182, 1011
15, 233, 1002
15, 233, 1002
28, 231, 998
46, 152, 1012
31, 101, 989
40, 34, 1007
40, 34, 1007
32, 9, 1024
36, -7, 977
35, -3, 1000
35, -3, 1000
15, -49, 997
14, -80, 1018
22, -65, 988
5, -45, 1020
5, -45, 1020
23, -33, 985
35, -64, 1022
51, -87, 970
40, -176, 1017
56, -304, 1008
56, -304, 1008
35, -378, 990
58, -462, 995
-,-,-
1, 270, 1003
72, 86, 995
10, 205, 996
24, 153, 997
24, 153, 997
37, 156, 1018
33, 170, 995
6, 152, 1003
15, 151, 989
15, 151, 989
30, 154, 1006
31, 90, 1016
26, 61, 1009
18, -15, 976
18, -15, 976
15, 20, 1016
24, 28, 1001
19, 34, 993
19, 34, 993
43, -26, 1027
59, -113, 987
64, -148, 998
57, -181, 1001
33, -326, 986
33, -326, 986
41, -365, 997
-,-,-
58, 305, 994
53, 167, 999
53, 167, 999
30, 214, 1002
31, 166, 998
40, 153, 996
11, 197, 1005
11, 197, 1005
11, 154, 1016
26, 119, 997
18, 115, 995
17, 96, 1002
17, 96, 1002
27, 70, 1000
39, -11, 999
38, -38, 996
13, -44, 995
13, -44, 995
15, -64, 1014
20, -67, 1006
17, -60, 1005
43, -71, 1014
43, -71, 1014
42, -119, 971
72, -154, 1008
57, -197, 1005
66, -297, 984
77, -368, 1010
98, -452, 982
68, -311, 993
-,-,-
62, 314, 982
42, 62, 1001
42, 62, 1001
40, 62, 991
28, 110, 998
10, 177, 1006
10, 177, 1006
-5, 199, 1001
18, 191, 1005
20, 161, 999
33, 133, 1005
42, 142, 1004
42, 142, 1004
15, 133, 1007
26, 142, 991
32, 135, 992
58, 6, 1004
58, 6, 1004
67, -29, 998
36, -58, 1011
28, -68, 997
27, -69, 1021
27, -69, 1021
14, -86, 982
58, -126, 997
56, -193, 990
68, -381, 1032
91, -457, 984
91, -457, 984
87, -508, 986
-,-,-
53, 74, 996
53, 74, 996
37, 143, 1001
26, 232, 994
-2, 244, 1002
16, 226, 1008
16, 226, 1008
16, 191, 1010
5, 179, 995
45, 184, 1008
60, 153, 996
60, 153, 996
62, 112, 997
35, 51, 993
66, 4, 993
66, 4, 993
40, -9, 1002
23, -4, 1015
32, -16, 986
32, -16, 986
33, -82, 1012
48, -194, 1015
58, -211, 981
40, -295, 1001
83, -367, 986
49, -377, 1016
49, -377, 1016
74, -428, 993
-,-,-
38, 109, 995
21, 190, 999
21, 190, 999
28, 200, 1002
6, 215, 1006
34, 199, 1002
37, 140, 1007
37, 140, 1007
31, 102, 996
34, 84, 1017
42, 121, 983
29, 90, 1013
29, 90, 1013
35, 40, 990
37, 6, 1009
41, -24, 979
41, -24, 979
20, -44, 1017
23, -55, 1016
31, -30, 992
25, -68, 994
25, -68, 994
47, -99, 996
45, -118, 1008
43, -109, 995
53, -171, 1028
74, -314, 976
74, -314, 976
75, -366, 996
-,-,-
10, 97, 999
37, 191, 993
37, 191, 993
4, 224, 999
10, 237, 1001
-16, 227, 1001
12, 189, 993
12, 189, 993
38, 120, 1023
40, 142, 993
38, 155, 1005
44, 131, 1001
51, 59, 993
51, 59, 993
38, 89, 1010
33, 76, 1018
26, 47, 984
26, 47, 984
61, -65, 993
84, -159, 1005
87, -212, 1001
94, -408, 1011
51, -428, 988
51, -428, 988
38, -467, 993
-,-,-
41, 152, 1041
41, 152, 1041
20, 173, 1037
24, 227, 950
10, 195, 987
15, 147, 957
52, 92, 1026
52, 92, 1026
62, 57, 994
58, 59, 1002
36, 108, 1000
36, 108, 1000
36, 157, 994
26, 143, 1004
46, 120, 1011
30, 65, 1003
51, 56, 979
51, 56, 979
27, 44, 980
43, -7, 1009
38, -67, 1014
38, -67, 1014
53, -102, 999
31, -155, 994
65, -180, 1011
50, -251, 990
50, -465, 983
-,-,-
31, 327, 994
46, 175, 985
46, 175, 985
58, 140, 1010
41, 155, 984
40, 121, 1001
25, 97, 1003
25, 97, 1003
39, 88, 1013
47, 44, 1002
65, -27, 998
41, -74, 1002
41, -74, 1002
16, -2, 987
19, -40, 990
13, -43, 1009
30, -64, 1003
42, -105, 1015
42, -105, 1015
66, -114, 995
54, -92, 985
29, -87, 1013
21, -208, 999
40, -247, 978
40, -247, 978
27, -343, 1030
-,-,-
92, 238, 1009
8, 95, 995
29, 219, 1003
20, 226, 1000
5, 203, 989
5, 203, 989
30, 172, 1013
29, 145, 1000
47, 98, 990
25, 110, 1021
25, 110, 1021
54, 123, 1001
64, 68, 998
59, 0, 982
59, 0, 982
50, -4, 1011
36, 15, 998
16, 28, 1023
16, 28, 1023
33, 13, 995
23, -36, 1002
44, -113, 1012
55, -134, 976
39, -134, 1023
39, -163, 1023
51, -175, 971
42, -342, 1006
77, -428, 997
-,-,-
17, 347, 984
80, 281, 1018
19, 74, 995
19, 74, 995
41, 150, 999
11, 152, 1006
-2, 183, 993
-23, 211, 1001
-23, 211, 1001
25, 133, 1014
23, 104, 1009
58, 106, 989
55, 60, 994
52, 47, 1020
52, 47, 1020
34, 74, 986
36, 13, 998
37, 6, 1015
37, 6, 1015
25, -19, 992
39, -41, 999
45, -59, 1007
45, -59, 1007
31, -103, 995
41, -97, 1002
36, -131, 994
52, -119, 1010
36, -120, 999
38, -211, 984
38, -211, 984
42, -287, 1017
23, -315, 998
-,-,-
-13, 176, 1001
10, 280, 993
23, 197, 996
32, 203, 1006
30, 205, 993
30, 205, 993
37, 158, 1003
45, 149, 998
33, 124, 1018
52, 30, 988
52, 30, 988
60, -59, 1013
39, -45, 998
35, -43, 995
35, -43, 995
4, -26, 993
24, -97, 1022
34, -129, 988
47, -124, 1011
27, -97, 981
27, -97, 981
25, -87, 1015
18, -68, 986
14, -124, 1005
30, -175, 1007
26, -215, 989
26, -215, 989
38, -299, 1004
63, -363, 998
132, -343, 991
29, -193, 1004
-,-,-
30, 175, 992
19, 163, 996
19, 163, 996
9, 231, 997
-2, 180, 1018
47, 162, 984
47, 162, 984
31, 124, 1007
37, 133, 1001
23, 101, 1009
44, 71, 984
51, -7, 1019
51, -7, 1019
57, 5, 1006
51, -33, 999
40, -43, 988
40, -43, 988
27, -53, 1001
26, -81, 1014
49, -91, 1002
37, -136, 1003
50, -174, 977
50, -174, 977
38, -249, 1013
2, -243, 994
4, -293, 1002
32, -341, 1007
80, -361, 987
-,-,-
57, 330, 980
17, 127, 1015
22, 244, 1002
22, 244, 1002
33, 245, 993
17, 234, 998
23, 262, 997
30, 224, 1016
30, 224, 1016
18, 182, 989
42, 123, 1006
67, 75, 997
72, 39, 1010
72, 39, 1010
44, -17, 997
41, 0, 997
40, -27, 1005
27, -71, 1005
27, -71, 1005
43, -102, 1003
39, -153, 992
54, -126, 992
37, -121, 988
33, -161, 1034
30, -252, 984
30, -252, 984
47, -343, 990
45, -383, 1005
-,-,-
45, 283, 993
-7, 285, 984
-7, 232, 981
33, 207, 1022
46, 170, 995
46, 170, 995
33, 157, 1009
41, 132, 991
58, 102, 1019
53, 102, 977
53, 102, 977
65, 33, 1003
63, 57, 1016
38, 25, 1013
37, -36, 980
37, -36, 980
30, -99, 994
39, -161, 1030
57, -108, 963
51, -141, 1017
54, -326, 998
54, -326, 998
60, -354, 1001
40, -402, 994
64, -483, 1004
123, -414, 981
-,-,-
27, 296, 983
2, 304, 1006
2, 304, 1006
24, 210, 1003
38, 224, 1003
38, 208, 990
40, 173, 1006
40, 173, 1006
56, 138, 994
65, 99, 1013
69, 63, 1012
74, 18, 994
74, 18, 994
61, 16, 996
48, 4, 985
48, 4, 985
22, -50, 1038
43, -79, 991
53, -114, 1008
30, -123, 989
56, -138, 987
56, -138, 987
38, -192, 1006
35, -290, 1007
-,-,-
28, 158, 1004
38, 187, 987
-16, 249, 1004
-8, 280, 996
-8, 280, 996
12, 256, 1011
16, 260, 977
44, 202, 1020
63, 158, 1004
57, 121, 1003
57, 121, 1003
74, 107, 989
75, 53, 999
65, 15, 1015
52, 7, 983
52, 7, 983
63, -42, 1020
67, -91, 991
63, -105, 986
63, -105, 986
64, -143, 1011
48, -196, 1004
55, -258, 988
37, -349, 1008
-6, -438, 1010
53, -531, 984
53, -531, 984
-,-,-
55, 179, 1016
25, 315, 987
14, 283, 1012
8, 240, 992
27, 191, 1001
27, 191, 1001
51, 178, 998
37, 145, 1012
56, 124, 988
50, 118, 1019
50, 118, 1019
63, 62, 994
71, 14, 994
64, -2, 1018
40, -12, 985
40, -12, 985
50, -52, 982
63, -103, 1038
35, -79, 987
32, -89, 1001
32, -89, 1001
42, -81, 1007
50, -118, 994
36, -208, 997
53, -301, 998
22, -346, 1001
37, -473, 987
-,-,-
78, 198, 967
10, 229, 993
-5, 190, 1002
-5, 190, 1002
0, 198, 1003
31, 142, 1007
60, 110, 975
58, 98, 1033
58, 98, 1033
44, 102, 987
40, 57, 1019
51, 43, 998
50, -41, 995
50, -41, 995
39, -36, 1007
37, -37, 994
33, -35, 1006
10, -35, 989
10, -35, 989
28, -44, 1034
13, -25, 989
41, -24, 1003
26, -31, 976
26, -31, 976
28, -97, 1008
13, -180, 1005
33, -239, 980
-3, -297, 1021
33, -422, 993
-,-,-
-5, 253, 977
-5, 253, 977
-19, 177, 1012
44, 105, 980
40, 42, 1015
55, 59, 1004
55, 59, 1004
49, 82, 1006
45, 101, 995
34, 69, 1002
28, -1, 1004
28, -1, 1004
33, -9, 1014
32, -1, 1009
36, -4, 979
36, -4, 979
27, 49, 1022
5, 28, 987
28, -4, 1011
28, -4, 1011
18, -10, 1002
31, -38, 1005
19, -38, 999
33, -10, 973
33, -10, 973
40, -2, 1012
27, -34, 976
9, -159, 1044
63, -264, 970
23, -393, 999
23, -393, 999
14, -488, 996
60, -477, 999
-,-,-
17, 277, 980
8, 197, 1012
18, 217, 993
18, 217, 993
13, 198, 1003
5, 196, 1007
50, 124, 1018
71, 4, 1002
71, 4, 1002
64, -71, 980
50, -144, 1005
41, -105, 1021
35, -63, 982
35, -63, 982
39, -61, 992
28, -33, 995
20, -53, 1015
5, -38, 999
5, -38, 999
1, 0, 1021
12, 53, 980
12, 53, 980
42, 45, 1002
59, 0, 1032
74, -67, 979
74, -67, 979
22, -205, 1011
33, -243, 992
-,-,-
16, 261, 983
16, 261, 983
28, 245, 1000
43, 137, 1011
41, 153, 995
11, 243, 1001
11, 243, 1001
-8, 241, 975
22, 189, 1030
55, 138, 1005
79, 45, 999
79, 45, 999
71, -62, 1001
72, -43, 991
27, -61, 1001
23, -38, 1021
7, -11, 980
7, -11, 980
27, -45, 1006
30, -57, 1020
46, -122, 989
45, -171, 1018
45, -171, 1018
51, -292, 984
82, -377, 989
-,-,-
81, 315, 1016
-17, 128, 986
3, 256, 998
17, 191, 1004
17, 191, 1004
10, 174, 1015
36, 157, 988
42, 148, 1008
44, 122, 1001
38, 118, 988
38, 118, 988
37, 112, 1020
44, 85, 989
38, 80, 1019
60, 31, 988
60, 31, 988
40, 26, 1009
30, -35, 992
32, -64, 1012
32, -64, 1012
46, -60, 991
38, -43, 1013
44, -30, 987
14, -54, 1016
14, -54, 1016
20, -175, 1014
65, -343, 1000
45, -366, 978
38, -458, 991
-,-,-
28, 294, 976
28, 294, 976
-6, 300, 1011
25, 210, 973
21, 153, 1010
38, 129, 1014
43, 148, 994
43, 148, 994
30, 137, 1020
54, 108, 981
45, 48, 1035
41, 47, 981
41, 47, 981
67, 9, 976
41, 17, 1007
41, 17, 1007
28, -7, 992
39, -61, 1001
50, -76, 998
31, -124, 1020
75, -128, 979
75, -128, 979
61, -200, 965
36, -341, 1019
50, -414, 1006
15, -426, 986
50, -508, 991
-,-,-
49, 131, 994
49, 131, 994
8, 226, 1003
4, 220, 1012
-14, 287, 994
13, 216, 1002
13, 216, 1002
44, 154, 1009
61, 82, 1012
52, 66, 974
57, 62, 1020
57, 62, 1020
46, 70, 999
52, 17, 990
36, -35, 1012
39, -34, 984
39, -34, 984
42, -45, 1018
20, 12, 1016
18, 5, 993
18, 5, 993
17, -25, 1014
27, -66, 998
50, -59, 1010
32, -123, 996
32, -123, 996
25, -263, 965
55, -390, 1001
-,-,-
47, 216, 1038
25, 213, 973
18, 213, 992
25, 159, 997
25, 159, 997
19, 119, 1012
26, 102, 1020
34, 90, 994
43, 98, 1017
43, 98, 1017
55, 96, 982
47, 72, 996
54, 43, 1015
54, 43, 1015
45, 21, 1003
42, -22, 999
10, 16, 990
10, 16, 990
13, -8, 1013
20, -15, 989
31, -33, 1005
32, -58, 1005
32, -58, 1005
24, -66, 1004
30, -83, 997
46, -100, 998
36, -120, 988
2, -212, 1012
2, -212, 1012
61, -248, 1019
35, -331, 985
38, -384, 986
-,-,-
9, 324, 1012
95, 239, 995
-29, 166, 1004
38, 266, 992
38, 266, 992
11, 204, 1011
30, 190, 991
20, 174, 1024
24, 140, 988
48, 104, 1021
48, 104, 1021
41, 155, 978
47, 87, 1024
71, -13, 976
64, 8, 992
64, 8, 992
28, -2, 1013
21, -1, 983
21, -1, 983
32, -9, 1038
38, -44, 985
40, -87, 987
40, -87, 987
44, -115, 1010
44, -99, 1017
21, -122, 994
32, -145, 1013
52, -228, 989
19, -363, 999
19, -363, 999
49, -397, 986
84, -519, 1013
-,-,-
18, 216, 962
18, 216, 962
25, 227, 1024
8, 296, 996
0, 230, 1002
34, 205, 1010
34, 205, 1010
53, 154, 986
89, 97, 998
58, 71, 1033
67, 34, 1002
67, 34, 1002
75, -44, 961
61, -51, 986
57, -80, 1023
37, -90, 983
37, -90, 983
24, -82, 1014
-17, -72, 1010
20, -79, 969
19, -174, 1012
49, -349, 1028
49, -349, 1028
-,-,-
2, 139, 1019
21, 236, 995
26, 223, 989
36, 208, 987
36, 208, 987
6, 247, 988
31, 157, 1002
34, 96, 1004
69, 80, 998
69, 80, 998
66, 57, 1008
62, 61, 998
62, 61, 998
43, 76, 1018
36, 68, 998
43, 6, 975
43, 6, 975
24, 37, 1001
16, 1, 1005
30, -18, 1031
30, -18, 1031
14, 11, 981
41, -54, 999
58, -86, 1001
30, -117, 995
30, -117, 995
54, -301, 1021
63, -446, 982
-,-,-
36, 158, 1034
55, 198, 1066
3, 269, 973
44, 269, 987
24, 269, 958
24, 269, 958
64, 229, 1009
56, 149, 986
63, 98, 1019
63, 98, 1019
59, 91, 1007
62, 59, 1000
68, 8, 969
53, 29, 998
53, 29, 998
47, -26, 990
21, 4, 1008
17, -8, 991
17, -8, 991
24, -44, 1015
21, -56, 992
17, -94, 999
17, -94, 999
37, -88, 1001
22, -120, 1005
34, -207, 1007
26, -354, 999
45, -388, 998
45, -388, 998
40, -510, 997
-,-,-
42, 251, 987
-2, 221, 995
28, 198, 1001
28, 198, 1001
23, 172, 996
35, 156, 1004
29, 101, 1002
38, 107, 1004
14, 77, 1007
14, 77, 1007
49, 42, 989
56, -27, 1016
47, -70, 999
51, -59, 994
51, -59, 994
20, 0, 1008
33, -36, 1000
21, -60, 982
21, -60, 982
45, -80, 1006
24, -88, 1012
32, -70, 978
15, -26, 1023
29, -15, 988
29, -15, 988
26, -47, 1006
31, -140, 988
55, -200, 1024
34, -274, 984
14, -316, 984
14, -316, 984
-,-,-
82, 269, 1007
38, 100, 1012
49, 143, 1001
23, 210, 1001
23, 210, 1001
28, 215, 987
33, 210, 1007
31, 196, 999
45, 123, 1007
79, 119, 1011
79, 119, 1011
37, 126, 992
55, 124, 1014
60, 82, 985
42, 78, 1012
42, 78, 1012
52, -22, 1006
35, 0, 992
44, -35, 1013
27, -82, 1003
27, -82, 1003
34, -100, 990
13, -109, 1023
3, -104, 992
23, -78, 1000
18, -221, 984
18, -221, 984
70, -319, 1005
21, -322, 1003
-,-,-
56, 377, 912
31, 412, 1037
68, 143, 1023
42, 218, 1071
-2, 306, 991
46, 258, 953
46, 258, 953
41, 280, 985
36, 301, 1003
57, 237, 988
57, 237, 988
71, 153, 1019
93, 103, 999
55, 22, 1006
70, -17, 987
70, -17, 987
50, -37, 1005
51, -25, 975
20, -68, 1009
15, -109, 998
25, -124, 1017
25, -124, 1017
24, -135, 1007
18, -132, 982
51, -171, 1004
53, -186, 998
72, -272, 1002
14, -341, 982
29, -361, 1004
29, -361, 1004
-,-,-
54, 189, 989
24, 219, 980
40, 182, 1004
29, 183, 1010
28, 214, 981
28, 214, 981
5, 205, 1014
39, 120, 1008
78, 50, 1011
77, 21, 992
77, 21, 992
60, 2, 1011
50, -9, 999
50, -9, 999
29, -10, 978
34, -9, 1010
42, 5, 992
42, 5, 992
31, -27, 1004
20, -17, 1004
32, -47, 1009
33, -52, 1010
33, -52, 1010
48, -35, 995
8, -13, 1000
27, -92, 997
54, -230, 991
2, -315, 1020
-,-,-
48, 343, 1003
75, 159, 1003
37, 119, 995
29, 190, 1002
21, 206, 1008
21, 206, 1008
35, 245, 991
20, 225, 1008
38, 156, 997
39, 138, 1003
64, 135, 1011
64, 135, 1011
66, 121, 987
58, 93, 1029
55, 48, 985
55, 48, 985
46, -52, 998
46, -36, 995
26, -63, 1038
36, -49, 974
36, -49, 974
28, -85, 1023
21, -84, 995
25, -75, 1013
34, -106, 986
6, -262, 1004
6, -262, 1004
54, -378, 986
5, -419, 1001
-,-,-
45, 263, 1020
29, 235, 976
50, 243, 998
30, 257, 986
30, 257, 986
50, 234, 1007
62, 187, 1015
71, 137, 1003
59, 145, 1000
59, 145, 1000
68, 120, 990
65, 86, 1002
79, 10, 995
76, -10, 988
76, -10, 988
75, -55, 1022
52, -23, 1009
32, -54, 995
65, -45, 992
65, -45, 992
33, -85, 984
9, -294, 1019
38, -428, 990
5, -473, 1011
54, -691, 986
-,-,-
28, 306, 992
36, 295, 1009
62, 196, 994
64, 113, 1014
60, 105, 996
60, 105, 996
90, 96, 995
107, 5, 1001
87, -42, 985
87, -42, 985
77, -108, 1000
66, -106, 998
54, -108, 986
22, -101, 1042
16, -66, 984
-1, -54, 985
-1, -54, 985
-7, -26, 1003
-9, -56, 989
-20, -131, 1002
-,-,-
35, 361, 1010
15, 155, 1005
47, 153, 997
31, 186, 1010
31, 186, 1010
30, 228, 993
21, 237, 1000
23, 220, 1010
34, 186, 982
34, 186, 982
41, 147, 1011
68, 136, 1016
62, 161, 1013
55, 112, 969
75, 46, 1018
75, 46, 1018
38, 5, 1018
71, 12, 976
40, -12, 1013
40, -12, 1013
28, -27, 1016
30, -73, 975
38, -109, 974
-,-,-
55, 220, 996
53, 186, 985
50, 203, 1007
27, 188, 1002
59, 198, 1008
59, 198, 1008
49, 180, 1001
63, 110, 981
58, 20, 1009
45, -38, 1034
45, -38, 1034
61, -81, 971
3, -86, 1015
18, -48, 977
9, -19, 1001
9, -19, 1001
-16, -58, 1023
21, -43, 989
36, -59, 995
50, -92, 1008
50, -222, 1008
50, -222, 1008
41, -412, 988
-,-,-
41, 175, 1014
80, 108, 1000
28, 173, 998
-4, 128, 1008
25, 182, 1001
25, 182, 1001
3, 205, 987
16, 206, 1009
54, 151, 1006
62, 106, 989
62, 77, 999
62, 77, 999
53, 26, 1024
63, 24, 991
63, 24, 991
40, 40, 1009
61, -16, 1013
46, -75, 991
34, -45, 975
34, -45, 975
12, -98, 1015
17, -84, 1000
10, -68, 1020
-4, -70, 985
37, -131, 1001
37, -131, 1001
22, -159, 987
16, -212, 1017
35, -259, 987
35, -332, 1012
-,-,-
91, 146, 1012
40, 33, 986
55, 108, 989
-9, 137, 999
21, 148, 1012
21, 148, 1012
7, 175, 996
34, 122, 1018
32, 161, 992
20, 177, 1006
20, 177, 1006
40, 163, 993
41, 93, 993
60, 58, 991
59, 43, 1013
59, 43, 1013
34, 24, 1000
50, 3, 1011
29, 9, 985
29, 9, 985
24, -35, 995
38, -66, 1023
41, -87, 997
41, -87, 997
31, -90, 1016
21, -87, 998
21, -91, 978
32, -142, 998
32, -142, 998
33, -282, 1006
-,-,-
22, 112, 1002
38, 152, 988
33, 176, 1012
14, 221, 1005
14, 269, 998
14, 269, 998
-6, 235, 988
39, 156, 1001
55, 69, 1006
53, 51, 1004
53, 51, 1004
49, 53, 1005
48, 67, 1006
42, 49, 1006
29, 2, 994
29, 2, 994
50, 0, 1026
31, -9, 994
31, -9, 994
35, -29, 997
37, -27, 1006
44, -38, 991
47, -71, 1002
47, -71, 1002
91, -81, 1011
45, -120, 993
53, -218, 1006
20, -389, 993
-,-,-
33, 358, 978
-4, 124, 1024
50, 182, 995
13, 162, 996
13, 162, 996
20, 144, 1005
39, 161, 988
34, 141, 1005
52, 108, 1009
52, 108, 1009
66, 76, 1006
54, 93, 1003
43, 76, 1000
25, 41, 1004
25, 41, 1004
12, 44, 997
14, 32, 998
18, -36, 991
18, -36, 991
0, 28, 1014
25, 7, 1003
15, -35, 987
15, -35, 987
28, -16, 1000
34, -20, 1039
53, -73, 994
44, -83, 992
44, -83, 992
61, -102, 1005
65, -251, 994
52, -435, 991
-,-,-
18, 172, 998
10, 144, 1000
10, 144, 1000
14, 180, 991
26, 144, 1015
37, 133, 994
28, 116, 1017
28, 116, 1017
31, 93, 995
27, 70, 996
44, 20, 1013
47, 6, 1014
47, 6, 1014
49, 12, 991
25, 31, 996
25, 31, 996
34, 14, 1008
24, 10, 980
40, -49, 1021
32, -59, 979
32, -59, 979
30, -61, 1000
39, -54, 1035
33, -68, 988
47, -93, 982
47, -93, 982
46, -196, 1015
-,-,-
54, 189, 1008
61, 202, 994
26, 181, 1001
26, 181, 1001
16, 160, 1009
-3, 189, 990
16, 191, 1011
25, 168, 990
53, 121, 1011
53, 121, 1011
42, 74, 992
58, 28, 1001
58, 30, 1015
58, 30, 1015
37, 31, 1001
49, 22, 1003
33, 16, 991
38, -5, 1005
38, -5, 1005
51, -2, 1005
49, -26, 1022
42, -59, 976
38, -96, 1023
38, -96, 1023
39, -52, 970
42, -203, 1029
47, -315, 968
5, -351, 1004
-,-,-
22, 566, 970
56, 289, 1032
57, 205, 992
57, 205, 992
50, 225, 1002
45, 200, 998
27, 210, 1011
13, 210, 994
13, 210, 994
27, 171, 1007
47, 110, 1012
53, 120, 993
43, 115, 992
43, 115, 992
36, 107, 1002
45, 47, 1023
47, -47, 980
45, -41, 997
45, -41, 997
39, -57, 1002
40, 4, 1017
38, -19, 1004
43, -43, 995
43, -43, 995
52, -49, 1003
44, -106, 998
36, -235, 1005
22, -377, 996
2, -400, 985
2, -400, 985
-,-,-
53, 381, 983
49, 155, 1016
57, 146, 1005
57, 146, 1005
12, 158, 991
26, 124, 988
10, 157, 1010
7, 169, 1000
7, 169, 1000
29, 158, 1002
29, 132, 1014
8, 112, 1003
38, 85, 989
38, 85, 989
33, 95, 1011
53, 72, 1012
45, 33, 991
45, 33, 991
46, 3, 987
50, -29, 1005
45, -55, 986
45, -55, 986
19, -22, 1022
29, -15, 1005
21, 0, 999
26, -60, 982
26, -60, 982
50, -106, 1014
34, -132, 991
37, -132, 1003
2, -229, 1011
11, -234, 979
13, -324, 1019
13, -324, 1019
-,-,-
47, 172, 978
47, 172, 978
22, 168, 1007
14, 172, 1001
34, 133, 988
51, 104, 1011
29, 90, 997
29, 90, 997
19, 133, 1002
19, 122, 998
17, 68, 1019
17, 68, 1019
53, 46, 998
50, 10, 992
46, -46, 991
46, -46, 991
31, -10, 1017
35, -6, 991
30, -17, 988
14, -12, 1008
14, -12, 1008
19, -31, 1014
15, -59, 996
12, -24, 1014
13, -20, 978
12, -33, 1001
12, -33, 1001
17, -157, 1033
40, -287, 998
63, -385, 983
-,-,-
19, 403, 989
71, 327, 1012
37, 51, 1008
37, 51, 1008
46, 102, 997
32, 96, 999
20, 113, 1010
20, 113, 1010
9, 178, 999
8, 176, 983
15, 187, 1012
38, 174, 1001
38, 174, 1001
48, 144, 1002
49, 126, 1004
47, 91, 1006
54, 61, 1006
39, 32, 991
39, 32, 991
46, -13, 986
47, 0, 1015
42, -38, 997
42, -38, 997
26, -47, 1003
28, -78, 1006
35, -99, 1000
24, -118, 973
24, -118, 973
25, -135, 1011
18, -229, 1031
19, -261, 982
11, -311, 1007
38, -391, 992
89, -448, 993
-,-,-
18, 74, 1002
18, 74, 1002
30, 224, 996
11, 228, 993
28, 213, 1000
7, 227, 1014
7, 227, 1014
40, 208, 1014
40, 174, 1000
39, 162, 1000
42, 101, 1011
42, 101, 1011
54, 26, 972
33, -15, 998
38, -24, 1012
22, -34, 996
22, -34, 996
27, -60, 1017
20, -98, 1008
48, -93, 995
33, -107, 997
33, -52, 976
33, -52, 976
33, -122, 1040
14, -289, 982
26, -265, 995
14, -398, 1011
-,-,-
3, 463, 993
3, 463, 993
25, 342, 1012
35, 228, 998
43, 230, 1003
44, 126, 999
44, 126, 999
43, 93, 999
30, 140, 1006
18, 122, 1006
18, 122, 994
39, 88, 994
45, 65, 1003
57, 11, 1007
45, -1, 999
45, -1, 999
40, 36, 994
40, 18, 1008
38, -2, 998
38, -2, 998
26, -22, 991
27, -40, 1021
23, -52, 992
23, -52, 992
28, -33, 1001
15, -7, 1003
18, -50, 993
38, -56, 1021
38, -56, 1021
30, -82, 991
24, -177, 1007
51, -201, 1001
28, -292, 1001
40, -385, 990
-,-,-
69, 248, 1012
36, 151, 998
31, 238, 994
13, 192, 994
13, 192, 994
20, 176, 1022
23, 159, 990
33, 98, 1019
54, 38, 978
54, 38, 978
38, 42, 1001
37, 71, 1005
29, 41, 1025
29, 41, 1025
45, 37, 989
53, 26, 972
31, 0, 1015
31, 0, 1015
23, 5, 998
25, -5, 1018
30, 4, 999
30, 4, 999
33, -14, 998
49, -40, 994
33, -66, 1018
33, -66, 1018
39, -56, 991
27, -96, 1005
11, -192, 1006
29, -222, 1003
22, -356, 998
22, -356, 998
-,-,-
11, 135, 998
29, 209, 969
0, 203, 1015
28, 145, 997
30, 128, 1001
30, 128, 1001
43, 99, 1005
47, 85, 1014
7, 132, 1000
24, 134, 986
24, 134, 986
46, 59, 1012
53, 30, 1006
46, 23, 980
46, 23, 980
36, 20, 1024
41, -1, 997
52, -23, 985
52, -23, 985
52, -47, 1016
50, -56, 1006
29, -27, 1001
37, -24, 1000
31, -23, 983
31, -23, 983
8, -35, 1025
22, -186, 1009
-4, -232, 972
2, -298, 1000
0, -392, 1015
0, -392, 1015
33, -456, 987
-,-,-
22, 250, 1017
69, 143, 1001
20, 193, 995
46, 146, 996
46, 146, 996
13, 161, 1003
12, 163, 991
25, 116, 1014
43, 112, 1010
47, 104, 984
47, 104, 984
53, 59, 1007
43, 35, 1001
49, 3, 998
49, 3, 998
40, -53, 1016
42, -52, 996
19, -15, 994
19, -15, 994
14, -43, 1000
20, -38, 1008
14, -66, 1013
46, -35, 996
20, -25, 986
20, -25, 986
10, -22, 1020
11, -65, 1012
29, -190, 981
33, -244, 1001
55, -294, 1002
-,-,-
-7, 192, 990
37, 312, 992
37, 312, 992
10, 254, 999
10, 259, 986
12, 271, 1029
32, 200, 978
32, 200, 978
48, 154, 1007
66, 86, 993
67, 74, 1024
62, 39, 991
62, 39, 991
38, -23, 1009
39, -13, 991
40, -17, 1016
40, -17, 1016
37, -32, 967
38, -64, 1015
47, -103, 991
44, -139, 1007
65, -232, 1007
34, -360, 990
34, -360, 990
33, -301, 981
67, -436, 1004
69, -441, 1013
-,-,-
70, 343, 1006
70, 343, 1006
62, 193, 998
14, 273, 997
2, 261, 1003
24, 224, 991
24, 224, 991
48, 209, 1009
67, 193, 1002
37, 152, 1010
45, 153, 1001
48, 108, 992
48, 108, 992
54, 48, 1000
66, -26, 996
49, -72, 1010
32, -56, 995
32, -56, 995
24, -70, 1016
17, -69, 995
43, -126, 1005
47, -135, 1003
49, -142, 972
49, -142, 972
46, -205, 998
10, -254, 1007
45, -343, 1001
-,-,-
15, 16, 985
4, 97, 1008
4, 97, 1008
-16, 197, 997
19, 186, 994
14, 195, 1019
1, 254, 992
1, 254, 992
18, 250, 1014
36, 198, 986
63, 169, 1016
62, 117, 984
62, 117, 984
58, 103, 1030
53, 84, 969
47, 4, 1020
47, 4, 1020
66, -15, 1007
53, -63, 979
62, -73, 1009
40, -93, 1003
43, -132, 1028
43, -132, 1028
86, -131, 966
87, -258, 1003
40, -426, 999
-,-,-
-26, 110, 976
4, 108, 1012
14, 160, 1002
24, 201, 1005
24, 201, 1005
40, 248, 1010
19, 285, 1008
25, 226, 994
39, 152, 1002
78, 67, 993
78, 67, 993
66, 54, 1019
56, 52, 1003
40, -4, 1011
40, -4, 1011
46, -27, 979
36, -69, 990
30, -96, 1022
48, -120, 1003
48, -120, 1003
14, -113, 989
15, -124, 1004
31, -138, 1022
40, -192, 972
37, -300, 1012
60, -387, 990
-,-,-
15, 176, 977
15, 176, 977
9, 174, 1024
34, 166, 991
27, 179, 1007
27, 179, 1007
28, 173, 989
28, 150, 1002
44, 97, 1001
60, 44, 1012
60, 44, 1012
52, 7, 1008
50, -8, 977
23, -24, 1012
18, -63, 1020
18, -63, 1020
29, -60, 1000
34, -72, 984
44, -99, 1005
54, -153, 1010
48, -153, 995
48, -153, 995
-,-,-
23, -34, 1002
24, -35, 999
20, -31, 1002
28, 15, 1003
-6, 38, 1005
-6, 38, 1005
22, 65, 993
3, 58, 1006
31, 93, 1008
31, 93, 1008
12, 135, 1002
6, 154, 993
16, 125, 1010
34, 109, 1020
27, 81, 1000
27, 81, 1000
66, 48, 988
40, 33, 1010
23, 58, 990
23, 58, 990
11, 21, 1029
38, 16, 1006
40, -1, 982
40, -1, 982
34, -8, 986
15, -1, 1016
25, 6, 1002
25, 6, 1002
0, 3, 1017
22, -8, 998
22, -8, 998
17, -16, 999
18, -43, 980
50, -28, 1001
50, -124, 1013
50, -124, 1013
42, -292, 1014
-,-,-
31, 301, 1062
40, 89, 1027
23, 177, 1032
23, 177, 1032
12, 228, 1014
25, 191, 957
17, 208, 993
38, 191, 999
38, 191, 999
28, 173, 1013
54, 140, 993
62, 80, 1018
62, 44, 996
62, 44, 996
54, 41, 990
39, 45, 1002
23, 53, 1008
23, 53, 1008
32, 10, 973
24, -3, 1018
31, -43, 1021
43, -97, 998
43, -97, 998
41, -108, 1013
35, -106, 990
35, -114, 998
24, -135, 996
20, -167, 997
20, -167, 997
29, -246, 1024
60, -387, 983
83, -515, 994
-,-,-
21, 214, 997
21, 214, 997
33, 247, 999
30, 219, 991
42, 197, 1024
74, 132, 995
74, 132, 995
53, 110, 1003
32, 133, 1007
39, 110, 1002
55, 57, 999
55, 57, 999
36, 26, 1006
55, -6, 1004
35, -21, 1005
25, -7, 991
25, -7, 991
3, -13, 993
25, -53, 1026
31, -86, 996
31, -86, 996
43, -101, 987
25, -155, 1009
57, -180, 1009
29, -204, 1004
33, -236, 987
33, -236, 987
36, -250, 996
73, -335, 1006
-,-,-
51, 297, 970
24, 113, 1026
35, 153, 997
29, 165, 990
29, 165, 990
2, 174, 1004
20, 178, 1004
28, 181, 997
26, 176, 1008
26, 176, 1008
28, 130, 1012
62, 81, 987
57, 56, 1004
59, 38, 1006
59, 38, 1006
42, 46, 1000
50, 52, 1010
47, 30, 989
47, 30, 989
55, -25, 1005
54, -32, 983
43, -44, 1009
31, -61, 1006
31, -61, 1006
38, -76, 999
31, -127, 1012
35, -186, 1002
43, -224, 989
37, -311, 1004
33, -363, 1001
-,-,-
18, 425, 1003
99, 229, 1001
42, 134, 998
33, 228, 984
33, 228, 984
22, 180, 1011
15, 238, 998
14, 286, 1006
21, 224, 1004
32, 193, 1006
32, 193, 1006
71, 151, 1011
68, 86, 973
72, 14, 1019
60, -5, 992
60, -5, 992
49, -24, 1021
23, -6, 1010
38, -32, 996
38, -32, 996
52, -54, 1015
36, -124, 952
54, -232, 1004
59, -301, 993
25, -313, 1021
4, -379, 1000
4, -379, 1000
50, -393, 993
-,-,-
52, 325, 993
52, 325, 993
82, 262, 1012
28, 180, 1000
12, 287, 996
30, 270, 1002
30, 270, 1002
53, 243, 1003
50, 226, 1011
68, 205, 991
64, 166, 1025
59, 190, 977
59, 190, 977
49, 151, 1017
61, 66, 979
52, -18, 1013
22, -19, 1014
22, -19, 1014
41, -32, 982
26, -92, 977
29, -122, 1042
63, -198, 999
24, -186, 1014
32, -200, 984
32, -200, 984
22, -351, 1016
-,-,-
88, 234, 1047
79, 70, 995
36, 136, 1011
13, 215, 996
13, 215, 996
15, 229, 996
42, 283, 992
50, 221, 1014
64, 178, 997
64, 178, 997
92, 129, 993
71, 120, 995
66, 138, 1003
64, 89, 999
64, 89, 999
47, 71, 1027
45, 16, 1005
66, 0, 980
66, 0, 980
27, 11, 1003
22, 2, 1004
22, 2, 1004
27, -43, 996
40, -100, 1018
63, -167, 1000
27, -204, 987
7, -384, 1018
7, -384, 1018
41, -485, 991
-,-,-
66, 369, 1066
106, 97, 1021
24, 139, 1063
24, 139, 1063
27, 249, 999
18, 280, 957
42, 226, 984
39, 251, 1002
39, 251, 1002
69, 164, 957
82, 96, 1030
55, 96, 998
61, 85, 1013
61, 85, 1013
43, 36, 998
63, -2, 1013
48, -100, 979
39, -87, 998
39, -87, 998
21, -53, 1019
21, -90, 985
-3, -71, 1009
4, -106, 1012
4, -106, 1012
26, -120, 992
18, -73, 1000
26, -72, 1012
7, -81, 990
7, -81, 990
58, -147, 1012
20, -283, 996
34, -365, 991
51, -506, 999
-,-,-
17, 111, 998
17, 111, 998
38, 194, 998
3, 200, 1000
17, 249, 1015
20, 249, 989
20, 249, 989
29, 243, 1018
43, 195, 998
61, 172, 1006
49, 158, 1003
49, 158, 1003
63, 113, 988
67, 70, 1006
70, -17, 1002
39, -23, 1014
39, -23, 1014
50, -60, 1005
45, -76, 980
44, -97, 1002
35, -169, 1000
50, -190, 990
9, -187, 1018
9, -187, 1018
17, -288, 1003
32, -287, 991
5, -405, 1001
-,-,-
25, 216, 983
25, 216, 983
21, 274, 1003
83, 113, 1015
-6, 144, 995
7, 256, 995
7, 256, 995
25, 186, 1006
19, 180, 1004
46, 198, 1004
16, 217, 1003
16, 217, 1003
33, 221, 1011
57, 154, 989
62, 98, 1011
69, -1, 1003
69, -1, 1003
69, -15, 1002
29, 0, 1009
22, -17, 988
32, -14, 1005
32, -14, 1005
27, -44, 989
38, -59, 1018
34, -84, 995
34, -100, 1012
29, -122, 986
29, -122, 986
41, -143, 1017
29, -242, 1006
42, -249, 972
29, -296, 1001
29, -326, 1015
32, -306, 985
71, -274, 996
71, -274, 996
